TDRS 3                  
1 19548U 88091B   24186.21452803 -.00000307  00000+0  00000+0 0  9998
2 19548 000.0000 000.0000 0000000 000.0000 343.6772  1.00000000118218
FLTSATCOM 8 (USA 46)    
1 20253U 89077A   24186.21452803 -.00000377  00000+0  00000+0 0  9998
2 20253 000.0000 000.0000 0000000 000.0000 43.59596  1.00000000253478
SKYNET 4C               
1 20776U 90079A   24186.21452803  .00000117  00000+0  00000+0 0  9996
2 20776 000.0000 000.0000 0000000 000.0000 271.1194  1.00000000123793
TDRS 5                  
1 21639U 91054B   24186.21452803 -.00000309  00000+0  00000+0 0  9997
2 21639 000.0000 000.0000 0000000 000.0000 81.29898  1.00000000120557
TDRS 6                  
1 22314U 93003B   24186.21452803 -.00000305  00000+0  00000+0 0  9990
2 22314 000.0000 000.0000 0000000 000.0000 156.6652  1.00000000115242
UFO 2 (USA 95)          
1 22787U 93056A   24186.21452803  .00000116  00000+0  00000+0 0  9997
2 22787 000.0000 000.0000 0000000 000.0000 291.3690  1.00000000111503
USA 99 (MILSTAR-1 1)    
1 22988U 94009A   24186.21452803 -.00000213  00000+0  00000+0 0  9998
2 22988 000.0000 000.0000 0000000 000.0000 147.8746  1.00000000 24490
UFO 4 (USA 108)         
1 23467U 95003A   24186.21452803 -.00000029  00000+0  00000+0 0  9992
2 23467 000.0000 000.0000 0000000 000.0000 51.94951  1.00000000107790
AMSC 1                  
1 23553U 95019A   24186.21452803 -.00000048  00000+0  00000+0 0  9995
2 23553 000.0000 000.0000 0000000 000.0000 243.6113  1.00000000107021
TDRS 7                  
1 23613U 95035B   24186.21452803 -.00000211  00000+0  00000+0 0  9997
2 23613 000.0000 000.0000 0000000 000.0000 19.71134  1.00000000106093
USA 115 (MILSTAR-1 2)   
1 23712U 95060A   24186.21452803 -.00000030  00000+0  00000+0 0  9991
2 23712 000.0000 000.0000 0000000 000.0000 151.2930  1.00000000 24491
INMARSAT 3-F1           
1 23839U 96020A   24186.21452803 -.00000154  00000+0  00000+0 0  9993
2 23839 000.0000 000.0000 0000000 000.0000 145.8197  1.00000000103425
INMARSAT 3-F2           
1 24307U 96053A   24186.21452803 -.00000241  00000+0  00000+0 0  9993
2 24307 000.0000 000.0000 0000000 000.0000 49.08590  1.00000000101789
INMARSAT 3-F3           
1 24674U 96070A   24186.21452803  .00000130  00000+0  00000+0 0  9999
2 24674 000.0000 000.0000 0000000 000.0000 280.8934  1.00000000100771
GALAXY 25 (G-25)        
1 24812U 97026A   24186.21452803  .00000068  00000+0  00000+0 0  9990
2 24812 000.0000 000.0000 0000000 000.0000 351.2513  1.00000000 99151
INTELSAT 5 (IS-5)       
1 24916U 97046A   24186.21452803 -.00000073  00000+0  00000+0 0  9996
2 24916 000.0000 000.0000 0000000 000.0000 20.88058  1.00000000 98469
AMC-3                   
1 24936U 97050A   24186.21452803 -.00000269  00000+0  00000+0 0  9997
2 24936 000.0000 000.0000 0000000 000.0000 173.8529  1.00000000 98295
USA 134                 
1 25019U 97065A   24186.21452803 -.00000073  00000+0  00000+0 0  9997
2 25019 000.0000 000.0000 0000000 000.0000 179.1236  1.00000000 25798
INMARSAT 3-F5           
1 25153U 98006B   24186.21452803 -.00000298  00000+0  00000+0 0  9993
2 25153 000.0000 000.0000 0000000 000.0000 200.4411  1.00000000 96747
ASTRA 2A                
1 25462U 98050A   24186.21452803  .00000062  00000+0  00000+0 0  9990
2 25462 000.0000 000.0000 0000000 000.0000 319.6119  1.00000000 94591
SKYNET 4E               
1 25639U 99009B   24186.21452803 -.00000044  00000+0  00000+0 0  9999
2 25639 000.0000 000.0000 0000000 000.0000 250.0597  1.00000000 44239
ABS-6                   
1 25924U 99053A   24186.21452803 -.00000120  00000+0  00000+0 0  9999
2 25924 000.0000 000.0000 0000000 000.0000 59.21475  1.00000000 90683
UFO 10 (USA 146)        
1 25967U 99063A   24186.21452803 -.00000195  00000+0  00000+0 0  9991
2 25967 000.0000 000.0000 0000000 000.0000 194.4659  1.00000000 90192
GALAXY 11 (G-11)        
1 26038U 99071A   24186.21452803 -.00000061  00000+0  00000+0 0  9990
2 26038 000.0000 000.0000 0000000 000.0000 295.8479  1.00000000 89922
USA 148                 
1 26052U 00001A   24186.21452803  .00000029  00000+0  00000+0 0  9991
2 26052 000.0000 000.0000 0000000 000.0000 279.1816  1.00000000 25801
ASIASTAR                
1 26107U 00016A   24186.21452803 -.00000342  00000+0  00000+0 0  9993
2 26107 000.0000 000.0000 0000000 000.0000 4.810294  1.00000000 89005
USA 149 (DSP 20)        
1 26356U 00024A   24186.21452803  .00000085  00000+0  00000+0 0  9997
2 26356 000.0000 000.0000 0000000 000.0000 209.1769  1.00000000 25759
TDRS 8                  
1 26388U 00034A   24186.21452803  .00000085  00000+0  00000+0 0  9998
2 26388 000.0000 000.0000 0000000 000.0000 316.2682  1.00000000 88035
INTELSAT 9 (IS-9)       
1 26451U 00043A   24186.21452803  .00000082  00000+0  00000+0 0  9996
2 26451 000.0000 000.0000 0000000 000.0000 240.1669  1.00000000 87690
NSS-11                  
1 26554U 00059A   24186.21452803  .00000024  00000+0  00000+0 0  9996
2 26554 000.0000 000.0000 0000000 000.0000 68.55053  1.00000000 34136
USA 153                 
1 26575U 00065A   24186.21452803 -.00000335  00000+0  00000+0 0  9993
2 26575 000.0000 000.0000 0000000 000.0000 71.18232  1.00000000 24450
AMC-6                   
1 26580U 00067A   24186.21452803  .00000105  00000+0  00000+0 0  9990
2 26580 000.0000 000.0000 0000000 000.0000 103.9573  1.00000000 86739
INTELSAT 1R (IS-1R)     
1 26608U 00072A   24186.21452803 -.00000147  00000+0  00000+0 0  9997
2 26608 000.0000 000.0000 0000000 000.0000 324.3652  1.00000000 86503
ANIK F1                 
1 26624U 00076A   24186.21452803 -.00000066  00000+0  00000+0 0  9995
2 26624 000.0000 000.0000 0000000 000.0000 145.7228  1.00000000 35985
USA 157 (MILSTAR-2 2)   
1 26715U 01009A   24186.21452803  .00000003  00000+0  00000+0 0  9998
2 26715 000.0000 000.0000 0000000 000.0000 117.9383  1.00000000 24499
INTELSAT 10 (IS-10)     
1 26766U 01019A   24186.21452803 -.00000330  00000+0  00000+0 0  9993
2 26766 000.0000 000.0000 0000000 000.0000 350.3864  1.00000000 38460
INTELSAT 901 (IS-901)   
1 26824U 01024A   24186.21452803 -.00000202  00000+0  00000+0 0  9996
2 26824 000.0000 000.0000 0000000 000.0000 251.3189  1.00000000 84437
USA 159 (DSP 21)        
1 26880U 01033A   24186.21452803 -.00000308  00000+0  00000+0 0  9990
2 26880 000.0000 000.0000 0000000 000.0000 31.53526  1.00000000 24460
INTELSAT 902 (IS-902)   
1 26900U 01039A   24186.21452803 -.00000287  00000+0  00000+0 0  9996
2 26900 000.0000 000.0000 0000000 000.0000 190.3319  1.00000000 83535
USA 164 (MILSTAR-2 3)   
1 27168U 02001A   24186.21452803  .00000076  00000+0  00000+0 0  9998
2 27168 000.0000 000.0000 0000000 000.0000 349.9359  1.00000000 24493
INTELSAT 904 (IS-904)   
1 27380U 02007A   24186.21452803 -.00000220  00000+0  00000+0 0  9999
2 27380 000.0000 000.0000 0000000 000.0000 217.9538  1.00000000 81933
DIRECTV 5 (TEMPO 1)     
1 27426U 02023A   24186.21452803 -.00000059  00000+0  00000+0 0  9990
2 27426 000.0000 000.0000 0000000 000.0000 142.8268  1.00000000 80967
INTELSAT 905 (IS-905)   
1 27438U 02027A   24186.21452803 -.00000191  00000+0  00000+0 0  9998
2 27438 000.0000 000.0000 0000000 000.0000 227.9712  1.00000000 44215
GALAXY 3C (G-3C)        
1 27445U 02030A   24186.21452803 -.00000155  00000+0  00000+0 0  9999
2 27445 000.0000 000.0000 0000000 000.0000 142.6328  1.00000000 80802
INTELSAT 906 (IS-906)   
1 27513U 02041A   24186.21452803  .00000009  00000+0  00000+0 0  9992
2 27513 000.0000 000.0000 0000000 000.0000 323.0482  1.00000000 79878
TDRS 10                 
1 27566U 02055A   24186.21452803  .00000077  00000+0  00000+0 0  9994
2 27566 000.0000 000.0000 0000000 000.0000 152.0549  1.00000000 79081
NIMIQ 2                 
1 27632U 02062A   24186.21452803 -.00000074  00000+0  00000+0 0  9995
2 27632 000.0000 000.0000 0000000 000.0000 143.8877  1.00000000 37026
USA 167                 
1 27691U 03008A   24186.21452803  .00000042  00000+0  00000+0 0  9996
2 27691 000.0000 000.0000 0000000 000.0000 1.510973  1.00000000 25796
USA 169 (MILSTAR-2 4)   
1 27711U 03012A   24186.21452803 -.00000206  00000+0  00000+0 0  9996
2 27711 000.0000 000.0000 0000000 000.0000 113.7856  1.00000000 24495
ASIASAT 4               
1 27718U 03014A   24186.21452803 -.00000226  00000+0  00000+0 0  9994
2 27718 000.0000 000.0000 0000000 000.0000 44.37060  1.00000000 77772
HELLAS-SAT 2            
1 27811U 03020A   24186.21452803 -.00000090  00000+0  00000+0 0  9996
2 27811 000.0000 000.0000 0000000 000.0000 236.1440  1.00000000 77187
THURAYA-2               
1 27825U 03026A   24186.21452803  .00000119  00000+0  00000+0 0  9991
2 27825 000.0000 000.0000 0000000 000.0000 323.7615  1.00000000 77196
OPTUS C1                
1 27831U 03028B   24186.21452803 -.00000157  00000+0  00000+0 0  9992
2 27831 000.0000 000.0000 0000000 000.0000 55.26274  1.00000000 77179
GALAXY 23 (G-23)        
1 27854U 03034A   24186.21452803  .00000011  00000+0  00000+0 0  9990
2 27854 000.0000 000.0000 0000000 000.0000 124.5390  1.00000000 76584
USA 170                 
1 27875U 03040A   24186.21452803  .00000119  00000+0  00000+0 0  9999
2 27875 000.0000 000.0000 0000000 000.0000 303.5718  1.00000000 25835
GALAXY 13 (HORIZONS-1)  
1 27954U 03044A   24186.21452803  .00000133  00000+0  00000+0 0  9999
2 27954 000.0000 000.0000 0000000 000.0000 29.70893  1.00000000 39410
YAMAL 202               
1 28089U 03053A   24186.21452803 -.00000085  00000+0  00000+0 0  9999
2 28089 000.0000 000.0000 0000000 000.0000 47.91080  1.00000000 75544
UFO 11 (USA 174)        
1 28117U 03057A   24186.21452803 -.00000110  00000+0  00000+0 0  9995
2 28117 000.0000 000.0000 0000000 000.0000 325.4716  1.00000000 75278
USA 176 (DSP 22)        
1 28158U 04004A   24186.21452803 -.00000229  00000+0  00000+0 0  9994
2 28158 000.0000 000.0000 0000000 000.0000 120.0102  1.00000000 24464
ABS-4 (MOBISAT-1)       
1 28184U 04007A   24186.21452803  .00000035  00000+0  00000+0 0  9994
2 28184 000.0000 000.0000 0000000 000.0000 309.2224  1.00000000 45183
EUTELSAT 7A             
1 28187U 04008A   24186.21452803  .00000099  00000+0  00000+0 0  9997
2 28187 000.0000 000.0000 0000000 000.0000 115.0120  1.00000000 74424
AMC-11                  
1 28252U 04017A   24186.21452803 -.00000049  00000+0  00000+0 0  9991
2 28252 000.0000 000.0000 0000000 000.0000 158.9447  1.00000000 73712
INTELSAT 10-02          
1 28358U 04022A   24186.21452803 -.00000011  00000+0  00000+0 0  9990
2 28358 000.0000 000.0000 0000000 000.0000 268.0893  1.00000000 73477
ANIK F2                 
1 28378U 04027A   24186.21452803 -.00000052  00000+0  00000+0 0  9997
2 28378 000.0000 000.0000 0000000 000.0000 149.1229  1.00000000 73202
AMC-15                  
1 28446U 04041A   24186.21452803 -.00000088  00000+0  00000+0 0  9998
2 28446 000.0000 000.0000 0000000 000.0000 147.0333  1.00000000 72158
NSS-10                  
1 28526U 05003A   24186.21452803 -.00000256  00000+0  00000+0 0  9994
2 28526 000.0000 000.0000 0000000 000.0000 221.2521  1.00000000 71161
XTAR-EUR                
1 28542U 05005A   24186.21452803  .00000149  00000+0  00000+0 0  9999
2 28542 000.0000 000.0000 0000000 000.0000 286.5821  1.00000000 71024
XM-3 (RHYTHM)           
1 28626U 05008A   24186.21452803 -.00000204  00000+0  00000+0 0  9997
2 28626 000.0000 000.0000 0000000 000.0000 48.82385  1.00000000 35460
INMARSAT 4-F1           
1 28628U 05009A   24186.21452803  .00000029  00000+0  00000+0 0  9995
2 28628 000.0000 000.0000 0000000 000.0000 51.06927  1.00000000 70523
DIRECTV 8               
1 28659U 05019A   24186.21452803  .00000000  00000+0  00000+0 0  9999
2 28659 000.0000 000.0000 0000000 000.0000 132.0902  1.00000000 70030
GALAXY 28 (G-28)        
1 28702U 05022A   24186.21452803 -.00000187  00000+0  00000+0 0  9993
2 28702 000.0000 000.0000 0000000 000.0000 34.35571  1.00000000 44839
THAICOM 4               
1 28786U 05028A   24186.21452803 -.00000363  00000+0  00000+0 0  9995
2 28786 000.0000 000.0000 0000000 000.0000 6.559675  1.00000000 69176
GALAXY 14 (G-14)        
1 28790U 05030A   24186.21452803  .00000151  00000+0  00000+0 0  9997
2 28790 000.0000 000.0000 0000000 000.0000 292.8542  1.00000000 69153
ANIK F1R                
1 28868U 05036A   24186.21452803 -.00000077  00000+0  00000+0 0  9999
2 28868 000.0000 000.0000 0000000 000.0000 151.7516  1.00000000 69007
SYRACUSE 3A             
1 28885U 05041B   24186.21452803  .00000128  00000+0  00000+0 0  9991
2 28885 000.0000 000.0000 0000000 000.0000 304.0862  1.00000000 68591
INMARSAT 4-F2           
1 28899U 05044A   24186.21452803 -.00000265  00000+0  00000+0 0  9997
2 28899 000.0000 000.0000 0000000 000.0000 28.44790  1.00000000 68358
SPACEWAY 2              
1 28903U 05046B   24186.21452803  .00000099  00000+0  00000+0 0  9993
2 28903 000.0000 000.0000 0000000 000.0000 313.8258  1.00000000 44181
METEOSAT-9 (MSG-2)      
1 28912U 05049B   24186.21452803  .00000118  00000+0  00000+0 0  9991
2 28912 000.0000 000.0000 0000000 000.0000 346.2033  1.00000000 67923
EUTELSAT 174A           
1 28924U 05052A   24186.21452803  .00000006  00000+0  00000+0 0  9997
2 28924 000.0000 000.0000 0000000 000.0000 70.88056  1.00000000 45179
ECHOSTAR 10             
1 28935U 06003A   24186.21452803 -.00000055  00000+0  00000+0 0  9999
2 28935 000.0000 000.0000 0000000 000.0000 164.4609  1.00000000 67325
SPAINSAT                
1 28945U 06007A   24186.21452803 -.00000215  00000+0  00000+0 0  9997
2 28945 000.0000 000.0000 0000000 000.0000 193.5333  1.00000000 67068
EUTELSAT HOTBIRD 13E    
1 28946U 06007B   24186.21452803  .00000085  00000+0  00000+0 0  9995
2 28946 000.0000 000.0000 0000000 000.0000 262.1109  1.00000000 67148
JCSAT-5A                
1 29045U 06010A   24186.21452803 -.00000328  00000+0  00000+0 0  9997
2 29045 000.0000 000.0000 0000000 000.0000 299.0852  1.00000000 66794
ASTRA 1KR               
1 29055U 06012A   24186.21452803  .00000119  00000+0  00000+0 0  9996
2 29055 000.0000 000.0000 0000000 000.0000 216.5660  1.00000000 38563
EWS-G1 (GOES 13)        
1 29155U 06018A   24186.21452803 -.00000249  00000+0  00000+0 0  9990
2 29155 000.0000 000.0000 0000000 000.0000 180.1085  1.00000000 36195
GALAXY 16 (G-16)        
1 29236U 06023A   24186.21452803 -.00000127  00000+0  00000+0 0  9992
2 29236 000.0000 000.0000 0000000 000.0000 144.8530  1.00000000 66112
EUTELSAT HOTBIRD 13B    
1 29270U 06032A   24186.21452803  .00000155  00000+0  00000+0 0  9998
2 29270 000.0000 000.0000 0000000 000.0000 275.7684  1.00000000 40150
JCSAT-3A                
1 29272U 06033A   24186.21452803 -.00000345  00000+0  00000+0 0  9991
2 29272 000.0000 000.0000 0000000 000.0000 2.443731  1.00000000 65611
SYRACUSE 3B             
1 29273U 06033B   24186.21452803 -.00000046  00000+0  00000+0 0  9992
2 29273 000.0000 000.0000 0000000 000.0000 254.4117  1.00000000 65603
KOREASAT 5 (MUGUNGWHA 5)
1 29349U 06034A   24186.21452803 -.00000358  00000+0  00000+0 0  9990
2 29349 000.0000 000.0000 0000000 000.0000 317.3397  1.00000000 65482
DIRECTV 9S              
1 29494U 06043A   24186.21452803 -.00000115  00000+0  00000+0 0  9990
2 29494 000.0000 000.0000 0000000 000.0000 150.8048  1.00000000 64951
OPTUS D1                
1 29495U 06043B   24186.21452803 -.00000185  00000+0  00000+0 0  9990
2 29495 000.0000 000.0000 0000000 000.0000 49.01328  1.00000000 64964
BADR-4                  
1 29526U 06051A   24186.21452803  .00000145  00000+0  00000+0 0  9993
2 29526 000.0000 000.0000 0000000 000.0000 298.9613  1.00000000 44111
WILDBLUE-1              
1 29643U 06054A   24186.21452803 -.00000050  00000+0  00000+0 0  9999
2 29643 000.0000 000.0000 0000000 000.0000 135.0166  1.00000000 64390
SKYNET 5A               
1 30794U 07007B   24186.21452803 -.00000275  00000+0  00000+0 0  9991
2 30794 000.0000 000.0000 0000000 000.0000 346.5961  1.00000000 63543
ANIK F3                 
1 31102U 07009A   24186.21452803 -.00000002  00000+0  00000+0 0  9990
2 31102 000.0000 000.0000 0000000 000.0000 143.5334  1.00000000 63180
ASTRA 1L                
1 31306U 07016A   24186.21452803  .00000119  00000+0  00000+0 0  9991
2 31306 000.0000 000.0000 0000000 000.0000 343.5425  1.00000000 37842
GALAXY 17 (G-17)        
1 31307U 07016B   24186.21452803 -.00000208  00000+0  00000+0 0  9990
2 31307 000.0000 000.0000 0000000 000.0000 152.6085  1.00000000 62922
ZHONGXING-6B            
1 31800U 07031A   24186.21452803 -.00000363  00000+0  00000+0 0  9990
2 31800 000.0000 000.0000 0000000 000.0000 8.427207  1.00000000 62322
DIRECTV 10              
1 31862U 07032A   24186.21452803 -.00000103  00000+0  00000+0 0  9998
2 31862 000.0000 000.0000 0000000 000.0000 43.28639  1.00000000 38437
BSAT-3A                 
1 32019U 07036B   24186.21452803 -.00000351  00000+0  00000+0 0  9998
2 32019 000.0000 000.0000 0000000 000.0000 286.4931  1.00000000 43377
OPTUS D2                
1 32252U 07044A   24186.21452803 -.00000111  00000+0  00000+0 0  9992
2 32252 000.0000 000.0000 0000000 000.0000 56.58595  1.00000000 61414
INTELSAT 11 (IS-11)     
1 32253U 07044B   24186.21452803 -.00000270  00000+0  00000+0 0  9999
2 32253 000.0000 000.0000 0000000 000.0000 203.7018  1.00000000 61379
WGS F1 (USA 195)        
1 32258U 07046A   24186.21452803 -.00000268  00000+0  00000+0 0  9999
2 32258 000.0000 000.0000 0000000 000.0000 246.9070  1.00000000 61165
SKYNET 5B               
1 32294U 07056B   24186.21452803  .00000137  00000+0  00000+0 0  9990
2 32294 000.0000 000.0000 0000000 000.0000 283.5220  1.00000000 61043
ASTRA 4A                
1 32299U 07057A   24186.21452803  .00000031  00000+0  00000+0 0  9994
2 32299 000.0000 000.0000 0000000 000.0000 274.9713  1.00000000 60814
HORIZONS-2              
1 32388U 07063B   24186.21452803 -.00000255  00000+0  00000+0 0  9993
2 32388 000.0000 000.0000 0000000 000.0000 172.7012  1.00000000 60724
THURAYA-3               
1 32404U 08001A   24186.21452803 -.00000307  00000+0  00000+0 0  9991
2 32404 000.0000 000.0000 0000000 000.0000 2.403450  1.00000000 60386
THOR 5                  
1 32487U 08006A   24186.21452803 -.00000010  00000+0  00000+0 0  9992
2 32487 000.0000 000.0000 0000000 000.0000 250.5488  1.00000000 60166
AMC-14                  
1 32708U 08011A   24186.21452803  .00000054  00000+0  00000+0 0  9990
2 32708 000.0000 000.0000 0000000 000.0000 342.4302  1.00000000 61009
DIRECTV 11              
1 32729U 08013A   24186.21452803 -.00000126  00000+0  00000+0 0  9998
2 32729 000.0000 000.0000 0000000 000.0000 102.9791  1.00000000 59780
ICO G1                  
1 32763U 08016A   24186.21452803 -.00000177  00000+0  00000+0 0  9997
2 32763 000.0000 000.0000 0000000 000.0000 177.1218  1.00000000 59311
VINASAT-1               
1 32767U 08018A   24186.21452803 -.00000329  00000+0  00000+0 0  9996
2 32767 000.0000 000.0000 0000000 000.0000 10.03257  1.00000000 59431
STAR ONE C2             
1 32768U 08018B   24186.21452803 -.00000277  00000+0  00000+0 0  9995
2 32768 000.0000 000.0000 0000000 000.0000 177.1404  1.00000000 59503
AMOS-3                  
1 32794U 08022A   24186.21452803 -.00000036  00000+0  00000+0 0  9990
2 32794 000.0000 000.0000 0000000 000.0000 216.2281  1.00000000 75184
GALAXY 18 (G-18)        
1 32951U 08024A   24186.21452803  .00000024  00000+0  00000+0 0  9991
2 32951 000.0000 000.0000 0000000 000.0000 121.3597  1.00000000 58937
ZHONGXING-9             
1 33051U 08028A   24186.21452803 -.00000248  00000+0  00000+0 0  9995
2 33051 000.0000 000.0000 0000000 000.0000 326.3739  1.00000000 58865
SKYNET 5C               
1 33055U 08030A   24186.21452803 -.00000143  00000+0  00000+0 0  9998
2 33055 000.0000 000.0000 0000000 000.0000 230.7765  1.00000000 58751
TURKSAT 3A              
1 33056U 08030B   24186.21452803  .00000145  00000+0  00000+0 0  9999
2 33056 000.0000 000.0000 0000000 000.0000 289.3316  1.00000000 45202
INTELSAT 25 (IS-25)     
1 33153U 08034A   24186.21452803 -.00000226  00000+0  00000+0 0  9993
2 33153 000.0000 000.0000 0000000 000.0000 214.7186  1.00000000 58480
BADR-6                  
1 33154U 08034B   24186.21452803  .00000143  00000+0  00000+0 0  9995
2 33154 000.0000 000.0000 0000000 000.0000 287.2847  1.00000000 58609
ECHOSTAR 11             
1 33207U 08035A   24186.21452803 -.00000057  00000+0  00000+0 0  9991
2 33207 000.0000 000.0000 0000000 000.0000 159.6681  1.00000000 44058
SUPERBIRD-C2            
1 33274U 08038A   24186.21452803 -.00000253  00000+0  00000+0 0  9992
2 33274 000.0000 000.0000 0000000 000.0000 310.9790  1.00000000 58232
AMC-21                  
1 33275U 08038B   24186.21452803  .00000036  00000+0  00000+0 0  9990
2 33275 000.0000 000.0000 0000000 000.0000 133.3123  1.00000000 58332
INMARSAT 4-F3           
1 33278U 08039A   24186.21452803 -.00000143  00000+0  00000+0 0  9995
2 33278 000.0000 000.0000 0000000 000.0000 156.4806  1.00000000 58117
NIMIQ 4                 
1 33373U 08044A   24186.21452803 -.00000221  00000+0  00000+0 0  9995
2 33373 000.0000 000.0000 0000000 000.0000 167.8417  1.00000000 57688
GALAXY 19 (G-19)        
1 33376U 08045A   24186.21452803 -.00000140  00000+0  00000+0 0  9998
2 33376 000.0000 000.0000 0000000 000.0000 159.5803  1.00000000 57682
ASTRA 1M                
1 33436U 08057A   24186.21452803  .00000119  00000+0  00000+0 0  9990
2 33436 000.0000 000.0000 0000000 000.0000 256.9176  1.00000000 38583
EUTELSAT HOTBIRD 13C    
1 33459U 08065A   24186.21452803 -.00000102  00000+0  00000+0 0  9996
2 33459 000.0000 000.0000 0000000 000.0000 243.3257  1.00000000 40192
EXPRESS-AM44            
1 33595U 09007A   24186.21452803 -.00000091  00000+0  00000+0 0  9999
2 33595 000.0000 000.0000 0000000 000.0000 248.5829  1.00000000 45131
NSS-9                   
1 33749U 09008A   24186.21452803  .00000072  00000+0  00000+0 0  9995
2 33749 000.0000 000.0000 0000000 000.0000 89.39232  1.00000000 56363
EUTELSAT 33E            
1 33750U 09008B   24186.21452803 -.00000150  00000+0  00000+0 0  9995
2 33750 000.0000 000.0000 0000000 000.0000 157.2568  1.00000000 56292
TELSTAR 11N             
1 34111U 09009A   24186.21452803 -.00000251  00000+0  00000+0 0  9999
2 34111 000.0000 000.0000 0000000 000.0000 226.2076  1.00000000 56267
WGS F2 (USA 204)        
1 34713U 09017A   24186.21452803  .00000067  00000+0  00000+0 0  9993
2 34713 000.0000 000.0000 0000000 000.0000 209.2503  1.00000000 55791
SES-7 (PROTOSTAR 2)     
1 34941U 09027A   24186.21452803 -.00000346  00000+0  00000+0 0  9999
2 34941 000.0000 000.0000 0000000 000.0000 275.3157  1.00000000 55466
MEASAT-3A               
1 35362U 09032A   24186.21452803 -.00000112  00000+0  00000+0 0  9997
2 35362 000.0000 000.0000 0000000 000.0000 68.09677  1.00000000   874
GOES 14                 
1 35491U 09033A   24186.21452803 -.00000067  00000+0  00000+0 0  9990
2 35491 000.0000 000.0000 0000000 000.0000 144.7096  1.00000000 55005
FM-5                    
1 35493U 09034A   24186.21452803 -.00000201  00000+0  00000+0 0  9996
2 35493 000.0000 000.0000 0000000 000.0000 11.38244  1.00000000 54821
TERRESTAR-1             
1 35496U 09035A   24186.21452803 -.00000061  00000+0  00000+0 0  9990
2 35496 000.0000 000.0000 0000000 000.0000 145.1029  1.00000000 55001
ASIASAT 5               
1 35696U 09042A   24186.21452803 -.00000308  00000+0  00000+0 0  9992
2 35696 000.0000 000.0000 0000000 000.0000 20.71361  1.00000000 54525
JCSAT-12 (JCSAT-RA)     
1 35755U 09044A   24186.21452803 -.00000329  00000+0  00000+0 0  9996
2 35755 000.0000 000.0000 0000000 000.0000 25.38863  1.00000000 54518
OPTUS D3                
1 35756U 09044B   24186.21452803 -.00000148  00000+0  00000+0 0  9991
2 35756 000.0000 000.0000 0000000 000.0000 68.90676  1.00000000 54406
NIMIQ 5                 
1 35873U 09050A   24186.21452803 -.00000257  00000+0  00000+0 0  9996
2 35873 000.0000 000.0000 0000000 000.0000 188.1285  1.00000000 54201
AMAZONAS 2              
1 35942U 09054A   24186.21452803 -.00000279  00000+0  00000+0 0  9990
2 35942 000.0000 000.0000 0000000 000.0000 173.5903  1.00000000 54015
COMSATBW-1              
1 35943U 09054B   24186.21452803  .00000024  00000+0  00000+0 0  9993
2 35943 000.0000 000.0000 0000000 000.0000 307.6310  1.00000000 54115
NSS-12                  
1 36032U 09058A   24186.21452803  .00000071  00000+0  00000+0 0  9991
2 36032 000.0000 000.0000 0000000 000.0000 314.2096  1.00000000 53765
THOR 6                  
1 36033U 09058B   24186.21452803 -.00000011  00000+0  00000+0 0  9992
2 36033 000.0000 000.0000 0000000 000.0000 226.7620  1.00000000 53852
INTELSAT 14 (IS-14)     
1 36097U 09064A   24186.21452803 -.00000273  00000+0  00000+0 0  9992
2 36097 000.0000 000.0000 0000000 000.0000 210.6879  1.00000000 53455
EUTELSAT 36B            
1 36101U 09065A   24186.21452803  .00000155  00000+0  00000+0 0  9998
2 36101 000.0000 000.0000 0000000 000.0000 293.2659  1.00000000 53566
INTELSAT 15 (IS-15)     
1 36106U 09067A   24186.21452803 -.00000186  00000+0  00000+0 0  9995
2 36106 000.0000 000.0000 0000000 000.0000 336.8938  1.00000000 34070
WGS F3 (USA 211)        
1 36108U 09068A   24186.21452803 -.00000269  00000+0  00000+0 0  9991
2 36108 000.0000 000.0000 0000000 000.0000 95.75722  1.00000000 53357
DIRECTV 12              
1 36131U 09075A   24186.21452803 -.00000103  00000+0  00000+0 0  9993
2 36131 000.0000 000.0000 0000000 000.0000 309.8221  1.00000000 39415
BEIDOU-2 G1             
1 36287U 10001A   24186.21452803 -.00000284  00000+0  00000+0 0  9996
2 36287 000.0000 000.0000 0000000 000.0000 131.0448  1.00000000 53016
RADUGA-1M 2             
1 36358U 10002A   24186.21452803 -.00000187  00000+0  00000+0 0  9991
2 36358 000.0000 000.0000 0000000 000.0000 347.3806  1.00000000 42939
SDO                     
1 36395U 10005A   24186.21452803 -.00000103  00000+0  00000+0 0  9998
2 36395 000.0000 000.0000 0000000 000.0000 352.1126  1.00000000 52903
INTELSAT 16 (IS-16)     
1 36397U 10006A   24186.21452803 -.00000244  00000+0  00000+0 0  9990
2 36397 000.0000 000.0000 0000000 000.0000 149.7727  1.00000000 52490
EWS-G2 (GOES 15)        
1 36411U 10008A   24186.21452803  .00000039  00000+0  00000+0 0  9995
2 36411 000.0000 000.0000 0000000 000.0000 224.2862  1.00000000 52489
ECHOSTAR 14             
1 36499U 10010A   24186.21452803  .00000000  00000+0  00000+0 0  9996
2 36499 000.0000 000.0000 0000000 000.0000 134.8724  1.00000000 52389
SES-1                   
1 36516U 10016A   24186.21452803 -.00000114  00000+0  00000+0 0  9997
2 36516 000.0000 000.0000 0000000 000.0000 161.0276  1.00000000 51876
ASTRA 3B                
1 36581U 10021A   24186.21452803  .00000136  00000+0  00000+0 0  9990
2 36581 000.0000 000.0000 0000000 000.0000 284.1930  1.00000000 51728
COMSATBW-2              
1 36582U 10021B   24186.21452803  .00000087  00000+0  00000+0 0  9991
2 36582 000.0000 000.0000 0000000 000.0000 260.7446  1.00000000 51845
BEIDOU-2 G3             
1 36590U 10024A   24186.21452803 -.00000138  00000+0  00000+0 0  9996
2 36590 000.0000 000.0000 0000000 000.0000 23.19035  1.00000000 51611
BADR-5                  
1 36592U 10025A   24186.21452803  .00000144  00000+0  00000+0 0  9993
2 36592 000.0000 000.0000 0000000 000.0000 258.5827  1.00000000 46068
COMS 1                  
1 36744U 10032A   24186.21452803 -.00000348  00000+0  00000+0 0  9990
2 36744 000.0000 000.0000 0000000 000.0000 3.238216  1.00000000 51505
ARABSAT-5A              
1 36745U 10032B   24186.21452803  .00000153  00000+0  00000+0 0  9999
2 36745 000.0000 000.0000 0000000 000.0000 284.8678  1.00000000 51492
ECHOSTAR 15             
1 36792U 10034A   24186.21452803 -.00000281  00000+0  00000+0 0  9997
2 36792 000.0000 000.0000 0000000 000.0000 216.6925  1.00000000 51162
BEIDOU-2 IGSO-1         
1 36828U 10036A   24186.21452803 -.00000076  00000+0  00000+0 0  9995
2 36828 000.0000 000.0000 0000000 000.0000 91.09333  1.00000000 51057
NILESAT 201             
1 36830U 10037A   24186.21452803 -.00000058  00000+0  00000+0 0  9991
2 36830 000.0000 000.0000 0000000 000.0000 222.4028  1.00000000 51147
RASCOM-QAF 1R           
1 36831U 10037B   24186.21452803  .00000018  00000+0  00000+0 0  9997
2 36831 000.0000 000.0000 0000000 000.0000 260.6941  1.00000000 51143
AEHF-1 (USA 214)        
1 36868U 10039A   24186.21452803  .00000017  00000+0  00000+0 0  9998
2 36868 000.0000 000.0000 0000000 000.0000 261.3084  1.00000000 51281
XM-5                    
1 37185U 10053A   24186.21452803 -.00000022  00000+0  00000+0 0  9995
2 37185 000.0000 000.0000 0000000 000.0000 17.07306  1.00000000 50323
BSAT-3B                 
1 37207U 10056B   24186.21452803 -.00000351  00000+0  00000+0 0  9992
2 37207 000.0000 000.0000 0000000 000.0000 121.9632  1.00000000 44958
BEIDOU-2 G4             
1 37210U 10057A   24186.21452803 -.00000115  00000+0  00000+0 0  9997
2 37210 000.0000 000.0000 0000000 000.0000 293.4273  1.00000000 50135
SKYTERRA 1              
1 37218U 10061A   24186.21452803 -.00000121  00000+0  00000+0 0  9992
2 37218 000.0000 000.0000 0000000 000.0000 172.6791  1.00000000 50037
HYLAS 1                 
1 37237U 10065A   24186.21452803 -.00000309  00000+0  00000+0 0  9992
2 37237 000.0000 000.0000 0000000 000.0000 114.3252  1.00000000 49823
INTELSAT 17 (IS-17)     
1 37238U 10065B   24186.21452803 -.00000002  00000+0  00000+0 0  9997
2 37238 000.0000 000.0000 0000000 000.0000 322.7558  1.00000000 46086
BEIDOU-2 IGSO-2         
1 37256U 10068A   24186.21452803 -.00000185  00000+0  00000+0 0  9990
2 37256 000.0000 000.0000 0000000 000.0000 332.2235  1.00000000 49557
EUTELSAT KA-SAT 9A      
1 37258U 10069A   24186.21452803  .00000061  00000+0  00000+0 0  9999
2 37258 000.0000 000.0000 0000000 000.0000 264.1529  1.00000000 36852
HISPASAT 30W-5          
1 37264U 10070A   24186.21452803 -.00000216  00000+0  00000+0 0  9998
2 37264 000.0000 000.0000 0000000 000.0000 211.7166  1.00000000 46033
KOREASAT 6              
1 37265U 10070B   24186.21452803 -.00000363  00000+0  00000+0 0  9990
2 37265 000.0000 000.0000 0000000 000.0000 346.0361  1.00000000 49617
BEIDOU-2 IGSO-3         
1 37384U 11013A   24186.21452803 -.00000188  00000+0  00000+0 0  9997
2 37384 000.0000 000.0000 0000000 000.0000 244.8960  1.00000000 48508
INTELSAT NEW DAWN       
1 37392U 11016A   24186.21452803  .00000155  00000+0  00000+0 0  9991
2 37392 000.0000 000.0000 0000000 000.0000 260.9118  1.00000000 48367
YAHSAT 1A               
1 37393U 11016B   24186.21452803  .00000100  00000+0  00000+0 0  9992
2 37393 000.0000 000.0000 0000000 000.0000 285.1241  1.00000000 35255
SBIRS GEO-1 (USA 230)   
1 37481U 11019A   24186.21452803 -.00000007  00000+0  00000+0 0  9998
2 37481 000.0000 000.0000 0000000 000.0000 324.3864  1.00000000 48248
TELSTAR 14R             
1 37602U 11021A   24186.21452803 -.00000281  00000+0  00000+0 0  9995
2 37602 000.0000 000.0000 0000000 000.0000 228.5736  1.00000000 48636
GSAT-8                  
1 37605U 11022A   24186.21452803  .00000084  00000+0  00000+0 0  9991
2 37605 000.0000 000.0000 0000000 000.0000 154.7873  1.00000000 46061
ST-2                    
1 37606U 11022B   24186.21452803 -.00000212  00000+0  00000+0 0  9993
2 37606 000.0000 000.0000 0000000 000.0000 304.2322  1.00000000 48129
ZHONGXING-10            
1 37677U 11026A   24186.21452803 -.00000353  00000+0  00000+0 0  9998
2 37677 000.0000 000.0000 0000000 000.0000 311.0981  1.00000000 47846
SES-3                   
1 37748U 11035A   24186.21452803 -.00000102  00000+0  00000+0 0  9996
2 37748 000.0000 000.0000 0000000 000.0000 153.7719  1.00000000 47443
KAZSAT-2                
1 37749U 11035B   24186.21452803 -.00000198  00000+0  00000+0 0  9997
2 37749 000.0000 000.0000 0000000 000.0000 265.9118  1.00000000 46239
BEIDOU-2 IGSO-4         
1 37763U 11038A   24186.21452803  .00000001  00000+0  00000+0 0  9992
2 37763 000.0000 000.0000 0000000 000.0000 52.24068  1.00000000 47484
ASTRA 1N                
1 37775U 11041A   24186.21452803  .00000121  00000+0  00000+0 0  9998
2 37775 000.0000 000.0000 0000000 000.0000 304.6915  1.00000000 37368
BSAT-3C (JCSAT-110R)    
1 37776U 11041B   24186.21452803 -.00000351  00000+0  00000+0 0  9993
2 37776 000.0000 000.0000 0000000 000.0000 249.7023  1.00000000 43329
PAKSAT-1R               
1 37779U 11042A   24186.21452803  .00000153  00000+0  00000+0 0  9995
2 37779 000.0000 000.0000 0000000 000.0000 322.0792  1.00000000 47135
SES-2                   
1 37809U 11049A   24186.21452803 -.00000196  00000+0  00000+0 0  9997
2 37809 000.0000 000.0000 0000000 000.0000 166.1572  1.00000000 46811
ARABSAT-5C              
1 37810U 11049B   24186.21452803  .00000123  00000+0  00000+0 0  9992
2 37810 000.0000 000.0000 0000000 000.0000 239.1381  1.00000000 46908
EUTELSAT 7 WEST A       
1 37816U 11051A   24186.21452803 -.00000061  00000+0  00000+0 0  9990
2 37816 000.0000 000.0000 0000000 000.0000 228.0848  1.00000000 46748
QUETZSAT 1              
1 37826U 11054A   24186.21452803 -.00000241  00000+0  00000+0 0  9993
2 37826 000.0000 000.0000 0000000 000.0000 156.5859  1.00000000 42728
INTELSAT 18 (IS-18)     
1 37834U 11056A   24186.21452803  .00000053  00000+0  00000+0 0  9990
2 37834 000.0000 000.0000 0000000 000.0000 68.99340  1.00000000 46691
EUTELSAT 16A            
1 37836U 11057A   24186.21452803  .00000103  00000+0  00000+0 0  9996
2 37836 000.0000 000.0000 0000000 000.0000 272.8088  1.00000000   178
VIASAT-1                
1 37843U 11059A   24186.21452803 -.00000023  00000+0  00000+0 0  9994
2 37843 000.0000 000.0000 0000000 000.0000 140.9201  1.00000000 40163
ASIASAT 7               
1 37933U 11069A   24186.21452803 -.00000334  00000+0  00000+0 0  9998
2 37933 000.0000 000.0000 0000000 000.0000 33.97443  1.00000000 46314
BEIDOU-2 IGSO-5         
1 37948U 11073A   24186.21452803 -.00000193  00000+0  00000+0 0  9992
2 37948 000.0000 000.0000 0000000 000.0000 313.9571  1.00000000 45980
LUCH-5A                 
1 37951U 11074B   24186.21452803 -.00000056  00000+0  00000+0 0  9994
2 37951 000.0000 000.0000 0000000 000.0000 57.66665  1.00000000 46030
NIGCOMSAT 1R            
1 38014U 11077A   24186.21452803  .00000144  00000+0  00000+0 0  9991
2 38014 000.0000 000.0000 0000000 000.0000 89.30085  1.00000000 45882
FENGYUN 2F              
1 38049U 12002A   24186.21452803 -.00000364  00000+0  00000+0 0  9990
2 38049 000.0000 000.0000 0000000 000.0000 272.3004  1.00000000 45720
WGS F4 (USA 233)        
1 38070U 12003A   24186.21452803 -.00000216  00000+0  00000+0 0  9999
2 38070 000.0000 000.0000 0000000 000.0000 172.6682  1.00000000 36984
SES-4                   
1 38087U 12007A   24186.21452803 -.00000168  00000+0  00000+0 0  9999
2 38087 000.0000 000.0000 0000000 000.0000 230.1872  1.00000000 45072
BEIDOU-2 G5             
1 38091U 12008A   24186.21452803  .00000053  00000+0  00000+0 0  9991
2 38091 000.0000 000.0000 0000000 000.0000 83.41090  1.00000000 45327
MUOS-1                  
1 38093U 12009A   24186.21452803 -.00000131  00000+0  00000+0 0  9990
2 38093 000.0000 000.0000 0000000 000.0000 211.9716  1.00000000 45309
INTELSAT 22 (IS-22)     
1 38098U 12011A   24186.21452803 -.00000059  00000+0  00000+0 0  9999
2 38098 000.0000 000.0000 0000000 000.0000 314.8167  1.00000000    38
APSTAR-7                
1 38107U 12013A   24186.21452803 -.00000102  00000+0  00000+0 0  9998
2 38107 000.0000 000.0000 0000000 000.0000 316.6224  1.00000000 45022
YAHSAT 1B               
1 38245U 12016A   24186.21452803  .00000127  00000+0  00000+0 0  9990
2 38245 000.0000 000.0000 0000000 000.0000 287.7692  1.00000000 38442
AEHF-2 (USA 235)        
1 38254U 12019A   24186.21452803 -.00000166  00000+0  00000+0 0  9992
2 38254 000.0000 000.0000 0000000 000.0000 122.6819  1.00000000 44525
JCSAT-13                
1 38331U 12023A   24186.21452803 -.00000357  00000+0  00000+0 0  9994
2 38331 000.0000 000.0000 0000000 000.0000 358.2544  1.00000000 44420
VINASAT-2               
1 38332U 12023B   24186.21452803 -.00000329  00000+0  00000+0 0  9995
2 38332 000.0000 000.0000 0000000 000.0000 28.32521  1.00000000 39501
NIMIQ 6                 
1 38342U 12026A   24186.21452803 -.00000173  00000+0  00000+0 0  9994
2 38342 000.0000 000.0000 0000000 000.0000 173.4565  1.00000000 43265
ZHONGXING-2A            
1 38352U 12028A   24186.21452803 -.00000293  00000+0  00000+0 0  9994
2 38352 000.0000 000.0000 0000000 000.0000 75.24596  1.00000000 44220
INTELSAT 19 (IS-19)     
1 38356U 12030A   24186.21452803 -.00000058  00000+0  00000+0 0  9996
2 38356 000.0000 000.0000 0000000 000.0000 54.82705  1.00000000 44368
ECHOSTAR 17             
1 38551U 12035A   24186.21452803 -.00000075  00000+0  00000+0 0  9998
2 38551 000.0000 000.0000 0000000 000.0000 134.8619  1.00000000 43901
METEOSAT-10 (MSG-3)     
1 38552U 12035B   24186.21452803 -.00000010  00000+0  00000+0 0  9992
2 38552 000.0000 000.0000 0000000 000.0000 17.47383  1.00000000 43706
SES-5                   
1 38652U 12036A   24186.21452803  .00000033  00000+0  00000+0 0  9991
2 38652 000.0000 000.0000 0000000 000.0000 259.5999  1.00000000 37338
INTELSAT 20 (IS-20)     
1 38740U 12043A   24186.21452803 -.00000025  00000+0  00000+0 0  9999
2 38740 000.0000 000.0000 0000000 000.0000 244.8575  1.00000000 43598
HYLAS 2                 
1 38741U 12043B   24186.21452803 -.00000263  00000+0  00000+0 0  9993
2 38741 000.0000 000.0000 0000000 000.0000 2.135451  1.00000000 43616
INTELSAT 21 (IS-21)     
1 38749U 12045A   24186.21452803 -.00000286  00000+0  00000+0 0  9991
2 38749 000.0000 000.0000 0000000 000.0000 180.5948  1.00000000 43488
ASTRA 2F                
1 38778U 12051A   24186.21452803  .00000149  00000+0  00000+0 0  9997
2 38778 000.0000 000.0000 0000000 000.0000 214.4599  1.00000000 43143
GSAT-10                 
1 38779U 12051B   24186.21452803 -.00000165  00000+0  00000+0 0  9997
2 38779 000.0000 000.0000 0000000 000.0000 97.29824  1.00000000 42952
INTELSAT 23 (IS-23)     
1 38867U 12057A   24186.21452803 -.00000285  00000+0  00000+0 0  9994
2 38867 000.0000 000.0000 0000000 000.0000 273.8992  1.00000000 42796
BEIDOU-2 G6             
1 38953U 12059A   24186.21452803 -.00000178  00000+0  00000+0 0  9995
2 38953 000.0000 000.0000 0000000 000.0000 44.89034  1.00000000 42758
LUCH-5B                 
1 38977U 12061A   24186.21452803 -.00000145  00000+0  00000+0 0  9995
2 38977 000.0000 000.0000 0000000 000.0000 184.9109  1.00000000 43025
YAMAL 300K              
1 38978U 12061B   24186.21452803  .00000071  00000+0  00000+0 0  9996
2 38978 000.0000 000.0000 0000000 000.0000 317.4634  1.00000000 42475
STAR ONE C3             
1 38991U 12062A   24186.21452803 -.00000249  00000+0  00000+0 0  9990
2 38991 000.0000 000.0000 0000000 000.0000 151.4982  1.00000000 42598
EUTELSAT 21B            
1 38992U 12062B   24186.21452803  .00000129  00000+0  00000+0 0  9994
2 38992 000.0000 000.0000 0000000 000.0000 278.9776  1.00000000 42675
ECHOSTAR 16             
1 39008U 12065A   24186.21452803 -.00000282  00000+0  00000+0 0  9996
2 39008 000.0000 000.0000 0000000 000.0000 195.6177  1.00000000 42471
ZHONGXING-12            
1 39017U 12067A   24186.21452803 -.00000207  00000+0  00000+0 0  9993
2 39017 000.0000 000.0000 0000000 000.0000 340.5427  1.00000000 42561
EUTELSAT 70B            
1 39020U 12069A   24186.21452803 -.00000044  00000+0  00000+0 0  9990
2 39020 000.0000 000.0000 0000000 000.0000 328.3293  1.00000000 42355
YAMAL 402               
1 39022U 12070A   24186.21452803  .00000085  00000+0  00000+0 0  9999
2 39022 000.0000 000.0000 0000000 000.0000 310.9155  1.00000000 42443
SKYNET 5D               
1 39034U 12075A   24186.21452803  .00000099  00000+0  00000+0 0  9994
2 39034 000.0000 000.0000 0000000 000.0000 300.5727  1.00000000 42374
MEXSAT 3                
1 39035U 12075B   24186.21452803 -.00000026  00000+0  00000+0 0  9993
2 39035 000.0000 000.0000 0000000 000.0000 137.2120  1.00000000 42032
TDRS 11                 
1 39070U 13004A   24186.21452803  .00000077  00000+0  00000+0 0  9994
2 39070 000.0000 000.0000 0000000 000.0000 120.6209  1.00000000 39546
AMAZONAS 3              
1 39078U 13006A   24186.21452803 -.00000282  00000+0  00000+0 0  9998
2 39078 000.0000 000.0000 0000000 000.0000 153.2582  1.00000000 37755
AZERSPACE 1             
1 39079U 13006B   24186.21452803  .00000133  00000+0  00000+0 0  9994
2 39079 000.0000 000.0000 0000000 000.0000 273.2354  1.00000000 41657
SBIRS GEO-2 (USA 241)   
1 39120U 13011A   24186.21452803 -.00000260  00000+0  00000+0 0  9998
2 39120 000.0000 000.0000 0000000 000.0000 219.8769  1.00000000 41384
EUTELSAT 117 WEST A     
1 39122U 13012A   24186.21452803 -.00000013  00000+0  00000+0 0  9994
2 39122 000.0000 000.0000 0000000 000.0000 129.3231  1.00000000 41280
ANIK G1                 
1 39127U 13014A   24186.21452803 -.00000073  00000+0  00000+0 0  9998
2 39127 000.0000 000.0000 0000000 000.0000 130.8764  1.00000000 41093
ZHONGXING-11            
1 39157U 13020A   24186.21452803 -.00000290  00000+0  00000+0 0  9990
2 39157 000.0000 000.0000 0000000 000.0000 135.5623  1.00000000 40741
EUTELSAT 7B             
1 39163U 13022A   24186.21452803  .00000048  00000+0  00000+0 0  9994
2 39163 000.0000 000.0000 0000000 000.0000 328.0325  1.00000000 40810
WGS F5 (USA 243)        
1 39168U 13024A   24186.21452803 -.00000284  00000+0  00000+0 0  9995
2 39168 000.0000 000.0000 0000000 000.0000 45.26815  1.00000000 40002
SES-6                   
1 39172U 13026A   24186.21452803 -.00000261  00000+0  00000+0 0  9992
2 39172 000.0000 000.0000 0000000 000.0000 243.1902  1.00000000 40576
IRNSS-1A                
1 39199U 13034A   24186.21452803  .00000042  00000+0  00000+0 0  9999
2 39199 000.0000 000.0000 0000000 000.0000 159.4371  1.00000000 40216
MUOS-2                  
1 39206U 13036A   24186.21452803  .00000061  00000+0  00000+0 0  9995
2 39206 000.0000 000.0000 0000000 000.0000 325.5911  1.00000000 40046
ALPHASAT                
1 39215U 13038A   24186.21452803  .00000132  00000+0  00000+0 0  9992
2 39215 000.0000 000.0000 0000000 000.0000 254.2736  1.00000000 36860
INSAT-3D                
1 39216U 13038B   24186.21452803 -.00000157  00000+0  00000+0 0  9995
2 39216 000.0000 000.0000 0000000 000.0000 336.3846  1.00000000 39922
WGS F6 (USA 244)        
1 39222U 13041A   24186.21452803  .00000089  00000+0  00000+0 0  9992
2 39222 000.0000 000.0000 0000000 000.0000 298.8713  1.00000000 38899
ES'HAIL 1               
1 39233U 13044A   24186.21452803  .00000142  00000+0  00000+0 0  9991
2 39233 000.0000 000.0000 0000000 000.0000 292.6628  1.00000000 39472
GSAT-7                  
1 39234U 13044B   24186.21452803 -.00000077  00000+0  00000+0 0  9999
2 39234 000.0000 000.0000 0000000 000.0000 164.4246  1.00000000 38174
AMOS-4                  
1 39237U 13045A   24186.21452803  .00000006  00000+0  00000+0 0  9996
2 39237 000.0000 000.0000 0000000 000.0000 355.3835  1.00000000 39805
AEHF-3 (USA 246)        
1 39256U 13050A   24186.21452803  .00000130  00000+0  00000+0 0  9997
2 39256 000.0000 000.0000 0000000 000.0000 313.6907  1.00000000 39524
ASTRA 2E                
1 39285U 13056A   24186.21452803  .00000150  00000+0  00000+0 0  9991
2 39285 000.0000 000.0000 0000000 000.0000 295.3885  1.00000000 39272
FM-6                    
1 39360U 13058A   24186.21452803 -.00000017  00000+0  00000+0 0  9991
2 39360 000.0000 000.0000 0000000 000.0000 241.9488  1.00000000 39193
RADUGA-1M 3             
1 39375U 13062A   24186.21452803  .00000150  00000+0  00000+0 0  9991
2 39375 000.0000 000.0000 0000000 000.0000 84.99627  1.00000000 38956
SES-8                   
1 39460U 13071A   24186.21452803 -.00000269  00000+0  00000+0 0  9995
2 39460 000.0000 000.0000 0000000 000.0000 352.8504  1.00000000 37271
INMARSAT 5-F1           
1 39476U 13073A   24186.21452803  .00000027  00000+0  00000+0 0  9991
2 39476 000.0000 000.0000 0000000 000.0000 233.1913  1.00000000 38777
TKSAT-1 (TUPAC KATARI)  
1 39481U 13075A   24186.21452803 -.00000195  00000+0  00000+0 0  9995
2 39481 000.0000 000.0000 0000000 000.0000 174.0208  1.00000000 38692
EXPRESS-AM5             
1 39487U 13077A   24186.21452803 -.00000281  00000+0  00000+0 0  9995
2 39487 000.0000 000.0000 0000000 000.0000 334.8361  1.00000000 39181
GSAT-14                 
1 39498U 14001A   24186.21452803 -.00000076  00000+0  00000+0 0  9991
2 39498 000.0000 000.0000 0000000 000.0000 184.0465  1.00000000 38221
THAICOM 6               
1 39500U 14002A   24186.21452803 -.00000122  00000+0  00000+0 0  9998
2 39500 000.0000 000.0000 0000000 000.0000 295.7315  1.00000000 38377
TDRS 12                 
1 39504U 14004A   24186.21452803 -.00000272  00000+0  00000+0 0  9991
2 39504 000.0000 000.0000 0000000 000.0000 125.6399  1.00000000 37122
ABS-2                   
1 39508U 14006A   24186.21452803 -.00000087  00000+0  00000+0 0  9998
2 39508 000.0000 000.0000 0000000 000.0000 321.4451  1.00000000 38129
ATHENA-FIDUS            
1 39509U 14006B   24186.21452803  .00000153  00000+0  00000+0 0  9992
2 39509 000.0000 000.0000 0000000 000.0000 310.6736  1.00000000 37920
TURKSAT 4A              
1 39522U 14007A   24186.21452803  .00000145  00000+0  00000+0 0  9997
2 39522 000.0000 000.0000 0000000 000.0000 221.4541  1.00000000 37828
EXPRESS-AT1             
1 39612U 14010A   24186.21452803  .00000078  00000+0  00000+0 0  9994
2 39612 000.0000 000.0000 0000000 000.0000 41.47988  1.00000000 37663
EXPRESS-AT2             
1 39613U 14010B   24186.21452803 -.00000282  00000+0  00000+0 0  9996
2 39613 000.0000 000.0000 0000000 000.0000 148.3543  1.00000000 37730
AMAZONAS 4A             
1 39616U 14011A   24186.21452803 -.00000253  00000+0  00000+0 0  9994
2 39616 000.0000 000.0000 0000000 000.0000 169.3155  1.00000000 37716
ASTRA 5B                
1 39617U 14011B   24186.21452803  .00000137  00000+0  00000+0 0  9994
2 39617 000.0000 000.0000 0000000 000.0000 262.4689  1.00000000 37512
IRNSS-1B                
1 39635U 14017A   24186.21452803  .00000126  00000+0  00000+0 0  9997
2 39635 000.0000 000.0000 0000000 000.0000 335.5466  1.00000000 37640
LUCH-5V                 
1 39727U 14023A   24186.21452803 -.00000272  00000+0  00000+0 0  9995
2 39727 000.0000 000.0000 0000000 000.0000 294.1679  1.00000000 37200
KAZSAT-3                
1 39728U 14023B   24186.21452803  .00000060  00000+0  00000+0 0  9998
2 39728 000.0000 000.0000 0000000 000.0000 176.2947  1.00000000 35298
EUTELSAT 3B             
1 39773U 14030A   24186.21452803  .00000019  00000+0  00000+0 0  9998
2 39773 000.0000 000.0000 0000000 000.0000 233.5891  1.00000000 36919
ASIASAT 8 (AMOS-7)      
1 40107U 14046A   24186.21452803 -.00000034  00000+0  00000+0 0  9997
2 40107 000.0000 000.0000 0000000 000.0000 248.0052  1.00000000 94997
ASIASAT 6               
1 40141U 14052A   24186.21452803 -.00000363  00000+0  00000+0 0  9995
2 40141 000.0000 000.0000 0000000 000.0000 338.3264  1.00000000 35917
OPTUS 10                
1 40146U 14054A   24186.21452803 -.00000148  00000+0  00000+0 0  9994
2 40146 000.0000 000.0000 0000000 000.0000 30.01942  1.00000000 35973
MEASAT-3B               
1 40147U 14054B   24186.21452803 -.00000243  00000+0  00000+0 0  9995
2 40147 000.0000 000.0000 0000000 000.0000 354.9699  1.00000000 35764
LUCH (OLYMP-K 1)        
1 40258U 14058A   24186.21452803 -.00000142  00000+0  00000+0 0  9999
2 40258 000.0000 000.0000 0000000 000.0000 323.6254  1.00000000 33843
HIMAWARI-8              
1 40267U 14060A   24186.21452803 -.00000276  00000+0  00000+0 0  9995
2 40267 000.0000 000.0000 0000000 000.0000 1.163755  1.00000000 35604
IRNSS-1C                
1 40269U 14061A   24186.21452803 -.00000167  00000+0  00000+0 0  9995
2 40269 000.0000 000.0000 0000000 000.0000 331.8871  1.00000000 35539
INTELSAT 30 (IS-30)     
1 40271U 14062A   24186.21452803 -.00000152  00000+0  00000+0 0  9999
2 40271 000.0000 000.0000 0000000 000.0000 282.3775  1.00000000 35614
ARSAT 1                 
1 40272U 14062B   24186.21452803 -.00000260  00000+0  00000+0 0  9993
2 40272 000.0000 000.0000 0000000 000.0000 188.0839  1.00000000 35462
EXPRESS-AM6             
1 40277U 14064A   24186.21452803  .00000097  00000+0  00000+0 0  9990
2 40277 000.0000 000.0000 0000000 000.0000 272.7943  1.00000000 34424
GSAT-16                 
1 40332U 14078A   24186.21452803  .00000084  00000+0  00000+0 0  9995
2 40332 000.0000 000.0000 0000000 000.0000 321.3968  1.00000000 34958
DIRECTV 14              
1 40333U 14078B   24186.21452803 -.00000125  00000+0  00000+0 0  9996
2 40333 000.0000 000.0000 0000000 000.0000 352.7310  1.00000000 34908
YAMAL 401               
1 40345U 14082A   24186.21452803 -.00000228  00000+0  00000+0 0  9991
2 40345 000.0000 000.0000 0000000 000.0000 171.1428  1.00000000 34768
ASTRA 2G                
1 40364U 14089A   24186.21452803  .00000150  00000+0  00000+0 0  9994
2 40364 000.0000 000.0000 0000000 000.0000 306.8532  1.00000000 34814
FENGYUN 2G              
1 40367U 14090A   24186.21452803 -.00000304  00000+0  00000+0 0  9995
2 40367 000.0000 000.0000 0000000 000.0000 260.6751  1.00000000 34840
MUOS-3                  
1 40374U 15002A   24186.21452803 -.00000132  00000+0  00000+0 0  9995
2 40374 000.0000 000.0000 0000000 000.0000 133.0969  1.00000000 34665
INMARSAT 5-F2           
1 40384U 15005A   24186.21452803 -.00000285  00000+0  00000+0 0  9999
2 40384 000.0000 000.0000 0000000 000.0000 22.74403  1.00000000 33837
ABS-3A                  
1 40424U 15010A   24186.21452803 -.00000027  00000+0  00000+0 0  9996
2 40424 000.0000 000.0000 0000000 000.0000 344.0012  1.00000000 34226
EUTELSAT 115 WEST B     
1 40425U 15010B   24186.21452803 -.00000025  00000+0  00000+0 0  9993
2 40425 000.0000 000.0000 0000000 000.0000 159.6901  1.00000000 34238
EXPRESS-AM7             
1 40505U 15012A   24186.21452803  .00000150  00000+0  00000+0 0  9992
2 40505 000.0000 000.0000 0000000 000.0000 297.0742  1.00000000 34211
IRNSS-1D                
1 40547U 15018A   24186.21452803 -.00000263  00000+0  00000+0 0  9990
2 40547 000.0000 000.0000 0000000 000.0000 25.67275  1.00000000 33836
BEIDOU-3S IGSO-1S       
1 40549U 15019A   24186.21452803 -.00000187  00000+0  00000+0 0  9992
2 40549 000.0000 000.0000 0000000 000.0000 314.0650  1.00000000 33929
THOR 7                  
1 40613U 15022A   24186.21452803 -.00000008  00000+0  00000+0 0  9998
2 40613 000.0000 000.0000 0000000 000.0000 255.0220  1.00000000 33663
TURKMENALEM52E/MONACOSAT
1 40617U 15023A   24186.21452803  .00000103  00000+0  00000+0 0  9992
2 40617 000.0000 000.0000 0000000 000.0000 293.4843  1.00000000 33693
DIRECTV 15              
1 40663U 15026A   24186.21452803 -.00000103  00000+0  00000+0 0  9992
2 40663 000.0000 000.0000 0000000 000.0000 45.73859  1.00000000 33381
SKY MEXICO-1            
1 40664U 15026B   24186.21452803 -.00000234  00000+0  00000+0 0  9994
2 40664 000.0000 000.0000 0000000 000.0000 172.4187  1.00000000 33302
METEOSAT-11 (MSG-4)     
1 40732U 15034A   24186.21452803  .00000059  00000+0  00000+0 0  9998
2 40732 000.0000 000.0000 0000000 000.0000 135.3456  1.00000000 32861
STAR ONE C4             
1 40733U 15034B   24186.21452803 -.00000265  00000+0  00000+0 0  9995
2 40733 000.0000 000.0000 0000000 000.0000 215.3775  1.00000000 32868
WGS F7 (USA 263)        
1 40746U 15036A   24186.21452803  .00000017  00000+0  00000+0 0  9990
2 40746 000.0000 000.0000 0000000 000.0000 53.98167  1.00000000 32716
INTELSAT 34 (IS-34)     
1 40874U 15039A   24186.21452803 -.00000285  00000+0  00000+0 0  9991
2 40874 000.0000 000.0000 0000000 000.0000 314.1694  1.00000000 32474
EUTELSAT 8 WEST B       
1 40875U 15039B   24186.21452803 -.00000066  00000+0  00000+0 0  9997
2 40875 000.0000 000.0000 0000000 000.0000 254.8487  1.00000000 32497
GSAT-6                  
1 40880U 15041A   24186.21452803 -.00000161  00000+0  00000+0 0  9997
2 40880 000.0000 000.0000 0000000 000.0000 327.1734  1.00000000 32443
INMARSAT 5-F3           
1 40882U 15042A   24186.21452803  .00000050  00000+0  00000+0 0  9992
2 40882 000.0000 000.0000 0000000 000.0000 330.9340  1.00000000 32402
MUOS-4                  
1 40887U 15044A   24186.21452803 -.00000096  00000+0  00000+0 0  9995
2 40887 000.0000 000.0000 0000000 000.0000 39.70912  1.00000000 32406
TJS-1                   
1 40892U 15046A   24186.21452803 -.00000154  00000+0  00000+0 0  9991
2 40892 000.0000 000.0000 0000000 000.0000 38.27927  1.00000000 32396
EXPRESS-AM8             
1 40895U 15048A   24186.21452803 -.00000112  00000+0  00000+0 0  9991
2 40895 000.0000 000.0000 0000000 000.0000 10.99673  1.00000000 32199
BEIDOU-3S IGSO-2S       
1 40938U 15053A   24186.21452803 -.00000123  00000+0  00000+0 0  9992
2 40938 000.0000 000.0000 0000000 000.0000 356.7672  1.00000000 32194
SKY MUSTER 1 (NBN1A)    
1 40940U 15054A   24186.21452803 -.00000279  00000+0  00000+0 0  9990
2 40940 000.0000 000.0000 0000000 000.0000 36.16199  1.00000000 32104
ARSAT 2                 
1 40941U 15054B   24186.21452803 -.00000225  00000+0  00000+0 0  9999
2 40941 000.0000 000.0000 0000000 000.0000 187.1501  1.00000000 32169
MORELOS 3               
1 40946U 15056A   24186.21452803 -.00000041  00000+0  00000+0 0  9994
2 40946 000.0000 000.0000 0000000 000.0000 78.31698  1.00000000 32130
APSTAR-9                
1 40982U 15059A   24186.21452803 -.00000266  00000+0  00000+0 0  9998
2 40982 000.0000 000.0000 0000000 000.0000 315.2083  1.00000000 32003
TURKSAT 4B              
1 40984U 15060A   24186.21452803  .00000114  00000+0  00000+0 0  9992
2 40984 000.0000 000.0000 0000000 000.0000 309.0290  1.00000000 31945
ZHONGXING-2C            
1 41021U 15063A   24186.21452803 -.00000325  00000+0  00000+0 0  9999
2 41021 000.0000 000.0000 0000000 000.0000 13.76170  1.00000000 31867
GSAT-15                 
1 41028U 15065A   24186.21452803 -.00000258  00000+0  00000+0 0  9996
2 41028 000.0000 000.0000 0000000 000.0000 358.8198  1.00000000 31655
BADR-7 (ARABSAT-6B)     
1 41029U 15065B   24186.21452803  .00000144  00000+0  00000+0 0  9993
2 41029 000.0000 000.0000 0000000 000.0000 175.1161  1.00000000 31767
LAOSAT 1                
1 41034U 15067A   24186.21452803 -.00000343  00000+0  00000+0 0  9997
2 41034 000.0000 000.0000 0000000 000.0000 70.73876  1.00000000 31702
TELSTAR 12V             
1 41036U 15068A   24186.21452803 -.00000119  00000+0  00000+0 0  9992
2 41036 000.0000 000.0000 0000000 000.0000 246.0967  1.00000000 31476
ELEKTRO-L 2             
1 41105U 15074A   24186.21452803 -.00000122  00000+0  00000+0 0  9994
2 41105 000.0000 000.0000 0000000 000.0000 116.0699  1.00000000 31360
COSMOS 2513             
1 41121U 15075A   24186.21452803 -.00000138  00000+0  00000+0 0  9993
2 41121 000.0000 000.0000 0000000 000.0000 4.595710  1.00000000 31453
EXPRESS-AMU1            
1 41191U 15082A   24186.21452803  .00000155  00000+0  00000+0 0  9999
2 41191 000.0000 000.0000 0000000 000.0000 279.7381  1.00000000 31118
GAOFEN-4                
1 41194U 15083A   24186.21452803 -.00000335  00000+0  00000+0 0  9997
2 41194 000.0000 000.0000 0000000 000.0000 10.65838  1.00000000 31371
BELINTERSAT-1           
1 41238U 16001A   24186.21452803  .00000106  00000+0  00000+0 0  9992
2 41238 000.0000 000.0000 0000000 000.0000 357.0598  1.00000000 31089
IRNSS-1E                
1 41241U 16003A   24186.21452803 -.00000328  00000+0  00000+0 0  9991
2 41241 000.0000 000.0000 0000000 000.0000 217.8672  1.00000000 30921
EUTELSAT 9B             
1 41310U 16005A   24186.21452803  .00000061  00000+0  00000+0 0  9990
2 41310 000.0000 000.0000 0000000 000.0000 243.5057  1.00000000 30964
SES-9                   
1 41380U 16013A   24186.21452803 -.00000346  00000+0  00000+0 0  9990
2 41380 000.0000 000.0000 0000000 000.0000 14.51753  1.00000000 30287
EUTELSAT 65 WEST A      
1 41382U 16014A   24186.21452803 -.00000275  00000+0  00000+0 0  9992
2 41382 000.0000 000.0000 0000000 000.0000 196.2054  1.00000000 30382
IRNSS-1F                
1 41384U 16015A   24186.21452803  .00000155  00000+0  00000+0 0  9990
2 41384 000.0000 000.0000 0000000 000.0000 91.93471  1.00000000 30517
BEIDOU-2 IGSO-6         
1 41434U 16021A   24186.21452803 -.00000173  00000+0  00000+0 0  9998
2 41434 000.0000 000.0000 0000000 000.0000 188.0435  1.00000000 30319
IRNSS-1G                
1 41469U 16027A   24186.21452803 -.00000338  00000+0  00000+0 0  9990
2 41469 000.0000 000.0000 0000000 000.0000 32.67136  1.00000000 30029
JCSAT-2B                
1 41471U 16028A   24186.21452803 -.00000166  00000+0  00000+0 0  9998
2 41471 000.0000 000.0000 0000000 000.0000 41.47414  1.00000000 29963
THAICOM 8               
1 41552U 16031A   24186.21452803 -.00000122  00000+0  00000+0 0  9992
2 41552 000.0000 000.0000 0000000 000.0000 2.655017  1.00000000 29636
INTELSAT 31 (IS-31)     
1 41581U 16035A   24186.21452803 -.00000149  00000+0  00000+0 0  9990
2 41581 000.0000 000.0000 0000000 000.0000 84.99429  1.00000000 29526
BEIDOU-2 G7             
1 41586U 16037A   24186.21452803 -.00000355  00000+0  00000+0 0  9999
2 41586 000.0000 000.0000 0000000 000.0000 32.36783  1.00000000 29631
ABS-2A (MONGOLSAT-1)    
1 41588U 16038A   24186.21452803 -.00000084  00000+0  00000+0 0  9999
2 41588 000.0000 000.0000 0000000 000.0000 18.61747  1.00000000 29556
EUTELSAT 117 WEST B     
1 41589U 16038B   24186.21452803 -.00000012  00000+0  00000+0 0  9994
2 41589 000.0000 000.0000 0000000 000.0000 159.3618  1.00000000 29521
BRISAT                  
1 41591U 16039A   24186.21452803 -.00000197  00000+0  00000+0 0  9998
2 41591 000.0000 000.0000 0000000 000.0000 47.21545  1.00000000 29450
ECHOSTAR 18             
1 41592U 16039B   24186.21452803 -.00000282  00000+0  00000+0 0  9990
2 41592 000.0000 000.0000 0000000 000.0000 193.3967  1.00000000 29472
MUOS-5                  
1 41622U 16041A   24186.21452803 -.00000145  00000+0  00000+0 0  9992
2 41622 000.0000 000.0000 0000000 000.0000 65.80198  1.00000000 29913
TIANTONG-1 1            
1 41725U 16048A   24186.21452803 -.00000321  00000+0  00000+0 0  9994
2 41725 000.0000 000.0000 0000000 000.0000 41.75140  1.00000000 29116
JCSAT-16                
1 41729U 16050A   24186.21452803 -.00000252  00000+0  00000+0 0  9996
2 41729 000.0000 000.0000 0000000 000.0000 42.42523  1.00000000 28913
USA 270                 
1 41744U 16052A   24186.21452803 -.00000360  00000+0  00000+0 0  9991
2 41744 000.0000 000.0000 0000000 000.0000 202.9637  1.00000000 20960
USA 271                 
1 41745U 16052B   24186.21452803  .00000108  00000+0  00000+0 0  9993
2 41745 000.0000 000.0000 0000000 000.0000 26.16324  1.00000000 20759
INTELSAT 36 (IS-36)     
1 41747U 16053A   24186.21452803 -.00000025  00000+0  00000+0 0  9999
2 41747 000.0000 000.0000 0000000 000.0000 67.60015  1.00000000 28795
INTELSAT 33E (IS-33E)   
1 41748U 16053B   24186.21452803  .00000048  00000+0  00000+0 0  9996
2 41748 000.0000 000.0000 0000000 000.0000 328.4053  1.00000000 29077
INSAT-3DR               
1 41752U 16054A   24186.21452803 -.00000078  00000+0  00000+0 0  9999
2 41752 000.0000 000.0000 0000000 000.0000 167.4790  1.00000000 28666
GSAT-18                 
1 41793U 16060A   24186.21452803 -.00000077  00000+0  00000+0 0  9993
2 41793 000.0000 000.0000 0000000 000.0000 316.4969  1.00000000 28379
SKY MUSTER 2 (NBN1B)    
1 41794U 16060B   24186.21452803 -.00000245  00000+0  00000+0 0  9993
2 41794 000.0000 000.0000 0000000 000.0000 43.32397  1.00000000 28426
HIMAWARI-9              
1 41836U 16064A   24186.21452803 -.00000276  00000+0  00000+0 0  9990
2 41836 000.0000 000.0000 0000000 000.0000 7.558212  1.00000000 28158
SHIJIAN-17 (SJ-17)      
1 41838U 16065A   24186.21452803 -.00000052  00000+0  00000+0 0  9996
2 41838 000.0000 000.0000 0000000 000.0000 85.22423  1.00000000 28053
GOES 16                 
1 41866U 16071A   24186.21452803 -.00000249  00000+0  00000+0 0  9990
2 41866 000.0000 000.0000 0000000 000.0000 157.3402  1.00000000 27943
TIANLIAN 1-04           
1 41869U 16072A   24186.21452803  .00000030  00000+0  00000+0 0  9991
2 41869 000.0000 000.0000 0000000 000.0000 24.92151  1.00000000 28165
WGS F8 (USA 272)        
1 41879U 16075A   24186.21452803 -.00000204  00000+0  00000+0 0  9998
2 41879 000.0000 000.0000 0000000 000.0000 337.7291  1.00000000 27665
FENGYUN 4A              
1 41882U 16077A   24186.21452803 -.00000201  00000+0  00000+0 0  9991
2 41882 000.0000 000.0000 0000000 000.0000 16.55414  1.00000000 27776
ECHOSTAR 19             
1 41893U 16079A   24186.21452803 -.00000138  00000+0  00000+0 0  9992
2 41893 000.0000 000.0000 0000000 000.0000 145.5736  1.00000000 27553
JCSAT-110A (JCSAT-15)   
1 41903U 16082A   24186.21452803 -.00000352  00000+0  00000+0 0  9990
2 41903 000.0000 000.0000 0000000 000.0000 335.2406  1.00000000 27639
STAR ONE D1             
1 41904U 16082B   24186.21452803 -.00000211  00000+0  00000+0 0  9997
2 41904 000.0000 000.0000 0000000 000.0000 169.3055  1.00000000 27632
TJS-2                   
1 41911U 17001A   24186.21452803 -.00000006  00000+0  00000+0 0  9997
2 41911 000.0000 000.0000 0000000 000.0000 339.2918  1.00000000 27575
SBIRS GEO-4 (USA 273)   
1 41937U 17004A   24186.21452803 -.00000146  00000+0  00000+0 0  9991
2 41937 000.0000 000.0000 0000000 000.0000 157.3340  1.00000000 27448
HISPASAT 36W-1          
1 41942U 17006A   24186.21452803 -.00000244  00000+0  00000+0 0  9998
2 41942 000.0000 000.0000 0000000 000.0000 224.0988  1.00000000 27065
TELKOM 3S               
1 41944U 17007A   24186.21452803 -.00000364  00000+0  00000+0 0  9995
2 41944 000.0000 000.0000 0000000 000.0000 4.458915  1.00000000 27064
INTELSAT 32E (IS-32E)   
1 41945U 17007B   24186.21452803 -.00000270  00000+0  00000+0 0  9994
2 41945 000.0000 000.0000 0000000 000.0000 356.9328  1.00000000 27098
ECHOSTAR 23             
1 42070U 17014A   24186.21452803 -.00000057  00000+0  00000+0 0  9990
2 42070 000.0000 000.0000 0000000 000.0000 149.9411  1.00000000 26795
WGS F9 (USA 275)        
1 42075U 17016A   24186.21452803 -.00000098  00000+0  00000+0 0  9996
2 42075 000.0000 000.0000 0000000 000.0000 123.0330  1.00000000 26779
SES-10                  
1 42432U 17017A   24186.21452803 -.00000273  00000+0  00000+0 0  9993
2 42432 000.0000 000.0000 0000000 000.0000 189.7491  1.00000000 26592
CHINASAT 16 (SJ-13)     
1 42662U 17018A   24186.21452803 -.00000353  00000+0  00000+0 0  9997
2 42662 000.0000 000.0000 0000000 000.0000 233.3674  1.00000000 26572
KOREASAT 7              
1 42691U 17023A   24186.21452803 -.00000362  00000+0  00000+0 0  9992
2 42691 000.0000 000.0000 0000000 000.0000 17.80292  1.00000000 26228
SGDC                    
1 42692U 17023B   24186.21452803 -.00000249  00000+0  00000+0 0  9995
2 42692 000.0000 000.0000 0000000 000.0000 172.8173  1.00000000 26255
GSAT-9                  
1 42695U 17024A   24186.21452803 -.00000287  00000+0  00000+0 0  9990
2 42695 000.0000 000.0000 0000000 000.0000 0.836000  1.00000000 26158
INMARSAT 5-F4           
1 42698U 17025A   24186.21452803  .00000075  00000+0  00000+0 0  9991
2 42698 000.0000 000.0000 0000000 000.0000 160.6270  1.00000000 26106
SES-15                  
1 42709U 17026A   24186.21452803  .00000060  00000+0  00000+0 0  9996
2 42709 000.0000 000.0000 0000000 000.0000 100.6093  1.00000000   283
QZS-2 (MICHIBIKI-2)     
1 42738U 17028A   24186.21452803 -.00000147  00000+0  00000+0 0  9997
2 42738 000.0000 000.0000 0000000 000.0000 338.5334  1.00000000 25976
VIASAT-2                
1 42740U 17029A   24186.21452803 -.00000264  00000+0  00000+0 0  9996
2 42740 000.0000 000.0000 0000000 000.0000 28.05589  1.00000000 26038
EUTELSAT 172B           
1 42741U 17029B   24186.21452803 -.00000007  00000+0  00000+0 0  9996
2 42741 000.0000 000.0000 0000000 000.0000 245.7606  1.00000000 26563
GSAT-19                 
1 42747U 17031A   24186.21452803  .00000125  00000+0  00000+0 0  9990
2 42747 000.0000 000.0000 0000000 000.0000 327.8487  1.00000000 25980
ECHOSTAR 21             
1 42749U 17032A   24186.21452803  .00000070  00000+0  00000+0 0  9994
2 42749 000.0000 000.0000 0000000 000.0000 266.1275  1.00000000 25951
BULGARIASAT-1           
1 42801U 17038A   24186.21452803  .00000010  00000+0  00000+0 0  9991
2 42801 000.0000 000.0000 0000000 000.0000 257.1583  1.00000000 25764
HELLAS-SAT 3            
1 42814U 17040A   24186.21452803  .00000151  00000+0  00000+0 0  9992
2 42814 000.0000 000.0000 0000000 000.0000 340.7260  1.00000000 25715
GSAT-17                 
1 42815U 17040B   24186.21452803 -.00000258  00000+0  00000+0 0  9995
2 42815 000.0000 000.0000 0000000 000.0000 189.7371  1.00000000 25728
INTELSAT 35E (IS-35E)   
1 42818U 17041A   24186.21452803 -.00000238  00000+0  00000+0 0  9998
2 42818 000.0000 000.0000 0000000 000.0000 229.5890  1.00000000 25667
COSMOS 2520             
1 42907U 17046A   24186.21452803  .00000137  00000+0  00000+0 0  9996
2 42907 000.0000 000.0000 0000000 000.0000 329.5961  1.00000000 25244
TDRS 13                 
1 42915U 17047A   24186.21452803 -.00000097  00000+0  00000+0 0  9995
2 42915 000.0000 000.0000 0000000 000.0000 245.6833  1.00000000 25190
QZS-3 (MICHIBIKI-3)     
1 42917U 17048A   24186.21452803 -.00000348  00000+0  00000+0 0  9994
2 42917 000.0000 000.0000 0000000 000.0000 18.29157  1.00000000 25103
AMAZONAS 5              
1 42934U 17053A   24186.21452803 -.00000279  00000+0  00000+0 0  9994
2 42934 000.0000 000.0000 0000000 000.0000 223.0621  1.00000000 24842
ASIASAT 9               
1 42942U 17057A   24186.21452803 -.00000361  00000+0  00000+0 0  9990
2 42942 000.0000 000.0000 0000000 000.0000 32.05633  1.00000000 24700
INTELSAT 37E (IS-37E)   
1 42950U 17059A   24186.21452803 -.00000141  00000+0  00000+0 0  9993
2 42950 000.0000 000.0000 0000000 000.0000 207.9912  1.00000000 24910
BSAT-4A                 
1 42951U 17059B   24186.21452803 -.00000351  00000+0  00000+0 0  9998
2 42951 000.0000 000.0000 0000000 000.0000 36.88135  1.00000000 24808
QZS-4 (MICHIBIKI-4)     
1 42965U 17062A   24186.21452803 -.00000324  00000+0  00000+0 0  9993
2 42965 000.0000 000.0000 0000000 000.0000 230.5657  1.00000000 24566
SES-11 (ECHOSTAR 105)   
1 42967U 17063A   24186.21452803 -.00000089  00000+0  00000+0 0  9994
2 42967 000.0000 000.0000 0000000 000.0000 160.7351  1.00000000 24561
KOREASAT 5A             
1 42984U 17067A   24186.21452803 -.00000359  00000+0  00000+0 0  9998
2 42984 000.0000 000.0000 0000000 000.0000 32.67083  1.00000000 24378
ALCOMSAT 1              
1 43039U 17078A   24186.21452803 -.00000186  00000+0  00000+0 0  9990
2 43039 000.0000 000.0000 0000000 000.0000 216.8071  1.00000000 24143
SBIRS GEO-3 (USA 282)   
1 43162U 18009A   24186.21452803  .00000130  00000+0  00000+0 0  9994
2 43162 000.0000 000.0000 0000000 000.0000 88.87633  1.00000000 23689
AL YAH 3                
1 43174U 18012A   24186.21452803 -.00000153  00000+0  00000+0 0  9993
2 43174 000.0000 000.0000 0000000 000.0000 222.3048  1.00000000 23687
SES-14                  
1 43175U 18012B   24186.21452803 -.00000279  00000+0  00000+0 0  9992
2 43175 000.0000 000.0000 0000000 000.0000 202.7109  1.00000000 23893
GOES 17                 
1 43226U 18022A   24186.21452803 -.00000090  00000+0  00000+0 0  9995
2 43226 000.0000 000.0000 0000000 000.0000 99.87862  1.00000000 23269
HISPASAT 30W-6          
1 43228U 18023A   24186.21452803 -.00000215  00000+0  00000+0 0  9995
2 43228 000.0000 000.0000 0000000 000.0000 250.6130  1.00000000 23252
SUPERBIRD-B3            
1 43271U 18033A   24186.21452803 -.00000094  00000+0  00000+0 0  9997
2 43271 000.0000 000.0000 0000000 000.0000 52.38548  1.00000000 22899
HYLAS 4                 
1 43272U 18033B   24186.21452803 -.00000233  00000+0  00000+0 0  9995
2 43272 000.0000 000.0000 0000000 000.0000 187.5597  1.00000000 22913
IRNSS-1I                
1 43286U 18035A   24186.21452803  .00000076  00000+0  00000+0 0  9998
2 43286 000.0000 000.0000 0000000 000.0000 151.5446  1.00000000 22861
USA 283                 
1 43339U 18036A   24186.21452803 -.00000313  00000+0  00000+0 0  9997
2 43339 000.0000 000.0000 0000000 000.0000 280.1946  1.00000000   177
COSMOS 2526             
1 43432U 18037A   24186.21452803 -.00000345  00000+0  00000+0 0  9998
2 43432 000.0000 000.0000 0000000 000.0000 339.8550  1.00000000 22813
APSTAR-6C               
1 43450U 18041A   24186.21452803 -.00000318  00000+0  00000+0 0  9997
2 43450 000.0000 000.0000 0000000 000.0000 189.0072  1.00000000 22660
BANGABANDHUSAT-1        
1 43463U 18044A   24186.21452803 -.00000363  00000+0  00000+0 0  9999
2 43463 000.0000 000.0000 0000000 000.0000 15.76784  1.00000000 22552
SES-12                  
1 43488U 18049A   24186.21452803 -.00000270  00000+0  00000+0 0  9994
2 43488 000.0000 000.0000 0000000 000.0000 175.5782  1.00000000 22267
FENGYUN 2H              
1 43491U 18050A   24186.21452803 -.00000128  00000+0  00000+0 0  9993
2 43491 000.0000 000.0000 0000000 000.0000 298.5963  1.00000000 22283
BEIDOU-2 IGSO-7         
1 43539U 18057A   24186.21452803 -.00000074  00000+0  00000+0 0  9994
2 43539 000.0000 000.0000 0000000 000.0000 66.16627  1.00000000 21974
TELSTAR 19V             
1 43562U 18059A   24186.21452803 -.00000279  00000+0  00000+0 0  9996
2 43562 000.0000 000.0000 0000000 000.0000 171.9011  1.00000000 21981
TELKOM 4 (MERAH PUTIH)  
1 43587U 18064A   24186.21452803 -.00000345  00000+0  00000+0 0  9994
2 43587 000.0000 000.0000 0000000 000.0000 331.0255  1.00000000 21715
TELSTAR 18V             
1 43611U 18069A   24186.21452803 -.00000295  00000+0  00000+0 0  9998
2 43611 000.0000 000.0000 0000000 000.0000 33.58359  1.00000000 21471
AZERSPACE 2 (IS-38)     
1 43632U 18074A   24186.21452803  .00000136  00000+0  00000+0 0  9997
2 43632 000.0000 000.0000 0000000 000.0000 290.0763  1.00000000 21290
HORIZONS-3E             
1 43633U 18074B   24186.21452803 -.00000031  00000+0  00000+0 0  9994
2 43633 000.0000 000.0000 0000000 000.0000 254.0088  1.00000000 21182
AEHF-4 (USA 288)        
1 43651U 18079A   24186.21452803 -.00000273  00000+0  00000+0 0  9994
2 43651 000.0000 000.0000 0000000 000.0000 307.3450  1.00000000 21132
BEIDOU-3 G1             
1 43683U 18085A   24186.21452803 -.00000282  00000+0  00000+0 0  9993
2 43683 000.0000 000.0000 0000000 000.0000 29.7513  1.00000000 20903
GSAT-29                 
1 43698U 18089A   24186.21452803  .00000086  00000+0  00000+0 0  9991
2 43698 000.0000 000.0000 0000000 000.0000 325.9688  1.00000000 20624
ES'HAIL 2               
1 43700U 18090A   24186.21452803  .00000144  00000+0  00000+0 0  9997
2 43700 000.0000 000.0000 0000000 000.0000 238.2755  1.00000000 20527
GEO-KOMPSAT-2A          
1 43823U 18100A   24186.21452803 -.00000344  00000+0  00000+0 0  9996
2 43823 000.0000 000.0000 0000000 000.0000 32.49210  1.00000000 20473
GSAT-11                 
1 43824U 18100B   24186.21452803 -.00000077  00000+0  00000+0 0  9994
2 43824 000.0000 000.0000 0000000 000.0000 342.2017  1.00000000 20328
GSAT-7A                 
1 43864U 18105A   24186.21452803  .00000025  00000+0  00000+0 0  9992
2 43864 000.0000 000.0000 0000000 000.0000 324.9371  1.00000000 20307
COSMOS 2533             
1 43867U 18107A   24186.21452803 -.00000038  00000+0  00000+0 0  9996
2 43867 000.0000 000.0000 0000000 000.0000 298.6029  1.00000000 20269
TJS-3                   
1 43874U 18110A   24186.21452803  .00000000  00000+0  00000+0 0  9994
2 43874 000.0000 000.0000 0000000 000.0000 359.7172  1.00000000 20264
ZHONGXING-2D            
1 43920U 19001A   24186.21452803 -.00000338  00000+0  00000+0 0  9997
2 43920 000.0000 000.0000 0000000 000.0000 226.1033  1.00000000 20202
HELLAS-SAT 4 & SGS-1    
1 44034U 19007A   24186.21452803  .00000152  00000+0  00000+0 0  9999
2 44034 000.0000 000.0000 0000000 000.0000 254.0025  1.00000000 20190
GSAT-31                 
1 44035U 19007B   24186.21452803  .00000125  00000+0  00000+0 0  9995
2 44035 000.0000 000.0000 0000000 000.0000 157.9765  1.00000000 19817
NUSANTARA SATU          
1 44048U 19009A   24186.21452803 -.00000235  00000+0  00000+0 0  9993
2 44048 000.0000 000.0000 0000000 000.0000 21.55337  1.00000000 19612
ZHONGXING-6C            
1 44067U 19012A   24186.21452803 -.00000336  00000+0  00000+0 0  9999
2 44067 000.0000 000.0000 0000000 000.0000 88.94208  1.00000000 19584
WGS 10 (USA 291)        
1 44071U 19014A   24186.21452803  .00000046  00000+0  00000+0 0  9994
2 44071 000.0000 000.0000 0000000 000.0000 138.4947  1.00000000 19471
TIANLIAN 2-01           
1 44076U 19017A   24186.21452803 -.00000108  00000+0  00000+0 0  9991
2 44076 000.0000 000.0000 0000000 000.0000 8.784338  1.00000000 19493
ARABSAT-6A              
1 44186U 19021A   24186.21452803  .00000154  00000+0  00000+0 0  9996
2 44186 000.0000 000.0000 0000000 000.0000 217.6960  1.00000000 18998
BEIDOU-3 IGSO-1         
1 44204U 19023A   24186.21452803 -.00000229  00000+0  00000+0 0  9998
2 44204 000.0000 000.0000 0000000 000.0000 226.1470  1.00000000    58
BEIDOU-2 G8             
1 44231U 19027A   24186.21452803 -.00000249  00000+0  00000+0 0  9999
2 44231 000.0000 000.0000 0000000 000.0000 230.9063  1.00000000 18923
YAMAL 601               
1 44307U 19031A   24186.21452803  .00000119  00000+0  00000+0 0  9999
2 44307 000.0000 000.0000 0000000 000.0000 304.1073  1.00000000 18760
AT&T T-16               
1 44333U 19034A   24186.21452803 -.00000115  00000+0  00000+0 0  9995
2 44333 000.0000 000.0000 0000000 000.0000 354.7497  1.00000000 18489
EUTELSAT 7C             
1 44334U 19034B   24186.21452803  .00000050  00000+0  00000+0 0  9995
2 44334 000.0000 000.0000 0000000 000.0000 280.4904  1.00000000 18956
BEIDOU-3 IGSO-2         
1 44337U 19035A   24186.21452803 -.00000093  00000+0  00000+0 0  9992
2 44337 000.0000 000.0000 0000000 000.0000 106.7474  1.00000000 18546
COSMOS 2539             
1 44457U 19048A   24186.21452803  .00000080  00000+0  00000+0 0  9995
2 44457 000.0000 000.0000 0000000 000.0000 192.9585  1.00000000 18070
EDRS-C                  
1 44475U 19049A   24186.21452803  .00000155  00000+0  00000+0 0  9991
2 44475 000.0000 000.0000 0000000 000.0000 309.4447  1.00000000 18059
INTELSAT 39 (IS-39)     
1 44476U 19049B   24186.21452803  .00000033  00000+0  00000+0 0  9999
2 44476 000.0000 000.0000 0000000 000.0000 85.18670  1.00000000 17989
AMOS-17                 
1 44479U 19050A   24186.21452803  .00000109  00000+0  00000+0 0  9991
2 44479 000.0000 000.0000 0000000 000.0000 237.0420  1.00000000 18030
AEHF-5 (USA 292)        
1 44481U 19051A   24186.21452803  .00000087  00000+0  00000+0 0  9991
2 44481 000.0000 000.0000 0000000 000.0000 104.1047  1.00000000 18107
EUTELSAT 5 WEST B       
1 44624U 19067A   24186.21452803 -.00000042  00000+0  00000+0 0  9995
2 44624 000.0000 000.0000 0000000 000.0000 251.9202  1.00000000 17299
MEV-1                   
1 44625U 19067B   24186.21452803 -.00000202  00000+0  00000+0 0  9991
2 44625 000.0000 000.0000 0000000 000.0000 251.3189  1.00000000 15823
TJS-4                   
1 44637U 19070A   24186.21452803 -.00000171  00000+0  00000+0 0  9992
2 44637 000.0000 000.0000 0000000 000.0000 40.33666  1.00000000 17388
BEIDOU-3 IGSO-3         
1 44709U 19073A   24186.21452803 -.00000189  00000+0  00000+0 0  9994
2 44709 000.0000 000.0000 0000000 000.0000 3.455258  1.00000000 17183
TIBA-1                  
1 44800U 19080A   24186.21452803  .00000155  00000+0  00000+0 0  9995
2 44800 000.0000 000.0000 0000000 000.0000 272.8907  1.00000000 16938
INMARSAT GX5            
1 44801U 19080B   24186.21452803  .00000075  00000+0  00000+0 0  9998
2 44801 000.0000 000.0000 0000000 000.0000 258.7301  1.00000000 16956
JCSAT-18 (KACIFIC 1)    
1 44868U 19091A   24186.21452803 -.00000202  00000+0  00000+0 0  9996
2 44868 000.0000 000.0000 0000000 000.0000 263.0969  1.00000000 16940
ELEKTRO-L 3             
1 44903U 19095A   24186.21452803 -.00000097  00000+0  00000+0 0  9994
2 44903 000.0000 000.0000 0000000 000.0000 258.9824  1.00000000 16541
SHIJIAN-20 (SJ-20)      
1 44910U 19097A   24186.21452803 -.00000072  00000+0  00000+0 0  9993
2 44910 000.0000 000.0000 0000000 000.0000 274.2321  1.00000000 16548
TJS-5                   
1 44978U 20002A   24186.21452803 -.00000343  00000+0  00000+0 0  9992
2 44978 000.0000 000.0000 0000000 000.0000 232.4779  1.00000000 16547
GSAT-30                 
1 45026U 20005A   24186.21452803 -.00000165  00000+0  00000+0 0  9994
2 45026 000.0000 000.0000 0000000 000.0000 350.6852  1.00000000 16383
EUTELSAT KONNECT        
1 45027U 20005B   24186.21452803  .00000048  00000+0  00000+0 0  9993
2 45027 000.0000 000.0000 0000000 000.0000 103.9586  1.00000000 17171
JCSAT-17                
1 45245U 20013A   24186.21452803 -.00000314  00000+0  00000+0 0  9991
2 45245 000.0000 000.0000 0000000 000.0000 18.06815  1.00000000 16087
GEO-KOMPSAT-2B          
1 45246U 20013B   24186.21452803 -.00000342  00000+0  00000+0 0  9997
2 45246 000.0000 000.0000 0000000 000.0000 224.4971  1.00000000 16110
BEIDOU-3 G2             
1 45344U 20017A   24186.21452803 -.00000144  00000+0  00000+0 0  9999
2 45344 000.0000 000.0000 0000000 000.0000 275.2897  1.00000000 16103
AEHF-6 (USA 298)        
1 45465U 20022B   24186.21452803 -.00000294  00000+0  00000+0 0  9991
2 45465 000.0000 000.0000 0000000 000.0000 191.8500  1.00000000 15866
BEIDOU-3 G3             
1 45807U 20040A   24186.21452803 -.00000355  00000+0  00000+0 0  9998
2 45807 000.0000 000.0000 0000000 000.0000 51.29092  1.00000000 14932
APSTAR-6D               
1 45863U 20045A   24186.21452803 -.00000318  00000+0  00000+0 0  9991
2 45863 000.0000 000.0000 0000000 000.0000 275.0994  1.00000000 14704
KOREASAT 116            
1 45920U 20048A   24186.21452803 -.00000363  00000+0  00000+0 0  9991
2 45920 000.0000 000.0000 0000000 000.0000 11.94661  1.00000000 14482
EXPRESS 103             
1 45985U 20053A   24186.21452803 -.00000278  00000+0  00000+0 0  9999
2 45985 000.0000 000.0000 0000000 000.0000 109.4263  1.00000000 14477
EXPRESS 80              
1 45986U 20053B   24186.21452803 -.00000134  00000+0  00000+0 0  9998
2 45986 000.0000 000.0000 0000000 000.0000 53.03211  1.00000000 14482
BSAT-4B                 
1 46112U 20056A   24186.21452803 -.00000351  00000+0  00000+0 0  9993
2 46112 000.0000 000.0000 0000000 000.0000 343.9293  1.00000000 14230
MEV-2                   
1 46113U 20056B   24186.21452803 -.00000011  00000+0  00000+0 0  9996
2 46113 000.0000 000.0000 0000000 000.0000 245.9013  1.00000000 73393
GALAXY 30 (G-30)        
1 46114U 20056C   24186.21452803  .00000036  00000+0  00000+0 0  9998
2 46114 000.0000 000.0000 0000000 000.0000 132.8064  1.00000000 14259
GAOFEN-13 01            
1 46610U 20071A   24186.21452803 -.00000364  00000+0  00000+0 0  9995
2 46610 000.0000 000.0000 0000000 000.0000 112.5038  1.00000000 13750
TIANTONG-1 2            
1 46916U 20082A   24186.21452803 -.00000353  00000+0  00000+0 0  9992
2 46916 000.0000 000.0000 0000000 000.0000 297.6836  1.00000000 13506
LUCAS (JDRS-1)          
1 47202U 20089A   24186.21452803 -.00000235  00000+0  00000+0 0  9990
2 47202 000.0000 000.0000 0000000 000.0000 359.3843  1.00000000 13245
SXM-7                   
1 47240U 20096A   24186.21452803 -.00000203  00000+0  00000+0 0  9993
2 47240 000.0000 000.0000 0000000 000.0000 143.8000  1.00000000   288
CMS-01                  
1 47256U 20099A   24186.21452803 -.00000162  00000+0  00000+0 0  9990
2 47256 000.0000 000.0000 0000000 000.0000 170.0116  1.00000000 13023
TURKSAT 5A              
1 47306U 21001A   24186.21452803  .00000153  00000+0  00000+0 0  9992
2 47306 000.0000 000.0000 0000000 000.0000 160.2930  1.00000000 12839
TIANTONG-1 3            
1 47321U 21003A   24186.21452803 -.00000152  00000+0  00000+0 0  9991
2 47321 000.0000 000.0000 0000000 000.0000 313.3938  1.00000000 12828
TJS-6                   
1 47613U 21010A   24186.21452803  .00000041  00000+0  00000+0 0  9994
2 47613 000.0000 000.0000 0000000 000.0000 7.545006  1.00000000 12655
SBIRS GEO-5 (USA 315)   
1 48618U 21042A   24186.21452803  .00000122  00000+0  00000+0 0  9999
2 48618 000.0000 000.0000 0000000 000.0000 271.7061  1.00000000 11572
FENGYUN 4B              
1 48808U 21047A   24186.21452803 -.00000330  00000+0  00000+0 0  9994
2 48808 000.0000 000.0000 0000000 000.0000 341.9771  1.00000000 11415
SXM-8                   
1 48838U 21049A   24186.21452803 -.00000203  00000+0  00000+0 0  9991
2 48838 000.0000 000.0000 0000000 000.0000 240.7186  1.00000000 11431
TIANLIAN 1-05           
1 49011U 21063A   24186.21452803  .00000108  00000+0  00000+0 0  9991
2 49011 000.0000 000.0000 0000000 000.0000 250.0137  1.00000000 10928
STAR ONE D2             
1 49055U 21069A   24186.21452803 -.00000262  00000+0  00000+0 0  9996
2 49055 000.0000 000.0000 0000000 000.0000 162.8925  1.00000000 10763
EUTELSAT QUANTUM        
1 49056U 21069B   24186.21452803  .00000125  00000+0  00000+0 0  9996
2 49056 000.0000 000.0000 0000000 000.0000 304.4684  1.00000000 10770
ZHONGXING-2E            
1 49062U 21071A   24186.21452803 -.00000292  00000+0  00000+0 0  9994
2 49062 000.0000 000.0000 0000000 000.0000 304.8778  1.00000000 10888
TJS-7                   
1 49115U 21077A   24186.21452803 -.00000125  00000+0  00000+0 0  9999
2 49115 000.0000 000.0000 0000000 000.0000 127.4632  1.00000000  2422
CHINASAT 9B             
1 49125U 21080A   24186.21452803 -.00000313  00000+0  00000+0 0  9999
2 49125 000.0000 000.0000 0000000 000.0000 322.8285  1.00000000 10498
SHIJIAN-21 (SJ-21)      
1 49330U 21094A   24186.21452803 -.00000283  00000+0  00000+0 0  9990
2 49330 000.0000 000.0000 0000000 000.0000 62.43774  1.00000000 10112
SES-17                  
1 49332U 21095A   24186.21452803 -.00000272  00000+0  00000+0 0  9997
2 49332 000.0000 000.0000 0000000 000.0000 183.4713  1.00000000 10682
SYRACUSE 4A             
1 49333U 21095B   24186.21452803  .00000135  00000+0  00000+0 0  9992
2 49333 000.0000 000.0000 0000000 000.0000 309.7718  1.00000000 10795
QZS-1R                  
1 49336U 21096A   24186.21452803 -.00000322  00000+0  00000+0 0  9992
2 49336 000.0000 000.0000 0000000 000.0000 130.9251  1.00000000  9850
ZHONGXING-1D            
1 49505U 21114A   24186.21452803 -.00000337  00000+0  00000+0 0  9990
2 49505 000.0000 000.0000 0000000 000.0000 249.8066  1.00000000  9679
STPSAT-6                
1 49817U 21118A   24186.21452803 -.00000044  00000+0  00000+0 0  9999
2 49817 000.0000 000.0000 0000000 000.0000 177.0657  1.00000000  9403
LDPE-1                  
1 49818U 21118B   24186.21452803  .00000119  00000+0  00000+0 0  9996
2 49818 000.0000 000.0000 0000000 000.0000 65.11789  1.00000000  9476
EXPRESS AMU-7           
1 50001U 21123A   24186.21452803 -.00000242  00000+0  00000+0 0  9998
2 50001 000.0000 000.0000 0000000 000.0000 78.80500  1.00000000  9384
EXPRESS AMU-3           
1 50002U 21123B   24186.21452803 -.00000320  00000+0  00000+0 0  9995
2 50002 000.0000 000.0000 0000000 000.0000 66.01058  1.00000000  9365
TIANLIAN 2-02           
1 50005U 21124A   24186.21452803 -.00000014  00000+0  00000+0 0  9990
2 50005 000.0000 000.0000 0000000 000.0000 81.50777  1.00000000  9465
TURKSAT 5B              
1 50212U 21126A   24186.21452803  .00000146  00000+0  00000+0 0  9999
2 50212 000.0000 000.0000 0000000 000.0000 44.61229  1.00000000  9142
INMARSAT 6-F1           
1 50319U 21128A   24186.21452803 -.00000172  00000+0  00000+0 0  9991
2 50319 000.0000 000.0000 0000000 000.0000 168.6472  1.00000000  9105
SHIYAN 12 01 (SY-12 01) 
1 50321U 21129A   24186.21452803 -.00000288  00000+0  00000+0 0  9994
2 50321 000.0000 000.0000 0000000 000.0000 325.7008  1.00000000  9344
SHIYAN 12 02 (SY-12 02) 
1 50322U 21129B   24186.21452803 -.00000361  00000+0  00000+0 0  9996
2 50322 000.0000 000.0000 0000000 000.0000 230.4290  1.00000000  9342
TJS-9                   
1 50574U 21135A   24186.21452803 -.00000299  00000+0  00000+0 0  9994
2 50574 000.0000 000.0000 0000000 000.0000 347.9667  1.00000000  9317
USA 324                 
1 51280U 22006A   24186.21452803 -.00000163  00000+0  00000+0 0  9997
2 51280 000.0000 000.0000 0000000 000.0000 347.6521  1.00000000  8976
USA 325                 
1 51281U 22006B   24186.21452803 -.00000266  00000+0  00000+0 0  9992
2 51281 000.0000 000.0000 0000000 000.0000 234.6243  1.00000000  8963
GOES 18                 
1 51850U 22021A   24186.21452803  .00000098  00000+0  00000+0 0  9997
2 51850 000.0000 000.0000 0000000 000.0000 72.55337  1.00000000    33
ZHONGXING-6D            
1 52255U 22038A   24186.21452803 -.00000354  00000+0  00000+0 0  9992
2 52255 000.0000 000.0000 0000000 000.0000 265.2866  1.00000000  8299
NILESAT 301             
1 52817U 22061A   24186.21452803 -.00000058  00000+0  00000+0 0  9996
2 52817 000.0000 000.0000 0000000 000.0000 284.6658  1.00000000  7584
CMS-02 (GSAT 24)        
1 52903U 22067A   24186.21452803 -.00000166  00000+0  00000+0 0  9997
2 52903 000.0000 000.0000 0000000 000.0000 348.8039  1.00000000  7458
MEASAT 3D               
1 52904U 22067B   24186.21452803 -.00000242  00000+0  00000+0 0  9994
2 52904 000.0000 000.0000 0000000 000.0000 77.40962  1.00000000  7494
SES-22                  
1 52933U 22071A   24186.21452803  .00000103  00000+0  00000+0 0  9992
2 52933 000.0000 000.0000 0000000 000.0000 347.1473  1.00000000  7415
WFOV (USA 332)          
1 52940U 22073A   24186.21452803 -.00000365  00000+0  00000+0 0  9990
2 52940 000.0000 000.0000 0000000 000.0000 80.42507  1.00000000  7219
TIANLIAN 2-03           
1 53100U 22078A   24186.21452803  .00000074  00000+0  00000+0 0  9990
2 53100 000.0000 000.0000 0000000 000.0000 277.3503  1.00000000  7393
SBIRS GEO-6 (USA 336)   
1 53355U 22092A   24186.21452803 -.00000287  00000+0  00000+0 0  9996
2 53355 000.0000 000.0000 0000000 000.0000 51.73062  1.00000000  7083
EUTELSAT KONNECT VHTS   
1 53765U 22110A   24186.21452803  .00000016  00000+0  00000+0 0  9995
2 53765 000.0000 000.0000 0000000 000.0000 261.7947  1.00000000  6638
ZHONGXING-1E            
1 53813U 22112A   24186.21452803 -.00000150  00000+0  00000+0 0  9999
2 53813 000.0000 000.0000 0000000 000.0000 347.5493  1.00000000  6695
SES-20                  
1 53960U 22123A   24186.21452803 -.00000100  00000+0  00000+0 0  9990
2 53960 000.0000 000.0000 0000000 000.0000 155.9306  1.00000000  6389
SES-21                  
1 53961U 22123B   24186.21452803  .00000069  00000+0  00000+0 0  9997
2 53961 000.0000 000.0000 0000000 000.0000 128.6257  1.00000000    63
GALAXY 33 (G-33)        
1 54026U 22128A   24186.21452803  .00000079  00000+0  00000+0 0  9995
2 54026 000.0000 000.0000 0000000 000.0000 126.1769  1.00000000  6595
GALAXY 34 (G-34)        
1 54027U 22128B   24186.21452803  .00000058  00000+0  00000+0 0  9994
2 54027 000.0000 000.0000 0000000 000.0000 131.2155  1.00000000  6629
ANGOSAT 2               
1 54033U 22131A   24186.21452803  .00000136  00000+0  00000+0 0  9990
2 54033 000.0000 000.0000 0000000 000.0000 299.2296  1.00000000  6315
EUTELSAT HOTBIRD 13F    
1 54048U 22134A   24186.21452803  .00000087  00000+0  00000+0 0  9999
2 54048 000.0000 000.0000 0000000 000.0000 19.13981  1.00000000  6290
LDPE-2                  
1 54219U 22144A   24186.21452803 -.00000159  00000+0  00000+0 0  9993
2 54219 000.0000 000.0000 0000000 000.0000 27.94871  1.00000000  4641
EUTELSAT HOTBIRD 13G    
1 54225U 22146A   24186.21452803  .00000088  00000+0  00000+0 0  9997
2 54225 000.0000 000.0000 0000000 000.0000 186.7619  1.00000000   310
ZHONGXING-19            
1 54230U 22148A   24186.21452803 -.00000079  00000+0  00000+0 0  9999
2 54230 000.0000 000.0000 0000000 000.0000 291.5159  1.00000000  6201
GALAXY 31 (G-31)        
1 54243U 22153A   24186.21452803  .00000013  00000+0  00000+0 0  9997
2 54243 000.0000 000.0000 0000000 000.0000 131.7692  1.00000000    20
GALAXY 32 (G-32)        
1 54244U 22153B   24186.21452803 -.00000172  00000+0  00000+0 0  9990
2 54244 000.0000 000.0000 0000000 000.0000 222.8616  1.00000000  5988
EUTELSAT 10B            
1 54259U 22157A   24186.21452803  .00000068  00000+0  00000+0 0  9999
2 54259 000.0000 000.0000 0000000 000.0000 3.491194  1.00000000  5897
GALAXY 35 (G-35)        
1 54741U 22170A   24186.21452803 -.00000162  00000+0  00000+0 0  9990
2 54741 000.0000 000.0000 0000000 000.0000 148.7387  1.00000000  5747
GALAXY 36 (G-36)        
1 54742U 22170B   24186.21452803 -.00000186  00000+0  00000+0 0  9999
2 54742 000.0000 000.0000 0000000 000.0000 166.5869  1.00000000  5763
METEOSAT-12 (MTG-I1)    
1 54743U 22170C   24186.21452803 -.00000008  00000+0  00000+0 0  9990
2 54743 000.0000 000.0000 0000000 000.0000 254.6330  1.00000000  5824
SHIJIAN-23 (SJ-23)      
1 55131U 23002A   24186.21452803  .00000134  00000+0  00000+0 0  9993
2 55131 000.0000 000.0000 0000000 000.0000 290.3608  1.00000000  5353
USA 340                 
1 55138U 22144E   24186.21452803 -.00000260  00000+0  00000+0 0  9991
2 55138 000.0000 000.0000 0000000 000.0000 172.0322  1.00000000  4573
APSTAR-6E               
1 55239U 23005A   24186.21452803 -.00000309  00000+0  00000+0 0  9999
2 55239 000.0000 000.0000 0000000 000.0000 49.51926  1.00000000 21184
USA 342                 
1 55263U 23008A   24186.21452803  .00000144  00000+0  00000+0 0  9991
2 55263 000.0000 000.0000 0000000 000.0000 104.7931  1.00000000   178
LDPE-3A                 
1 55264U 23008B   24186.21452803 -.00000240  00000+0  00000+0 0  9996
2 55264 000.0000 000.0000 0000000 000.0000 222.1312  1.00000000  4583
ELEKTRO-L 4             
1 55506U 23016A   24186.21452803 -.00000059  00000+0  00000+0 0  9996
2 55506 000.0000 000.0000 0000000 000.0000 307.3638  1.00000000  5160
AMAZONAS NEXUS          
1 55508U 23017A   24186.21452803 -.00000279  00000+0  00000+0 0  9994
2 55508 000.0000 000.0000 0000000 000.0000 176.1909  1.00000000    15
ZHONGXING-26            
1 55686U 23023A   24186.21452803 -.00000354  00000+0  00000+0 0  9993
2 55686 000.0000 000.0000 0000000 000.0000 33.61938  1.00000000  5075
LUCH-5X (OLYMP-K 2)     
1 55841U 23031A   24186.21452803 -.00000008  00000+0  00000+0 0  9992
2 55841 000.0000 000.0000 0000000 000.0000 182.5747  1.00000000  4797
GAOFEN-13 02            
1 55912U 23036A   24186.21452803 -.00000230  00000+0  00000+0 0  9991
2 55912 000.0000 000.0000 0000000 000.0000 253.5381  1.00000000  4940
SES-18                  
1 55970U 23038A   24186.21452803 -.00000099  00000+0  00000+0 0  9996
2 55970 000.0000 000.0000 0000000 000.0000 59.97301  1.00000000  4943
SES-19                  
1 55971U 23038B   24186.21452803  .00000087  00000+0  00000+0 0  9997
2 55971 000.0000 000.0000 0000000 000.0000 111.4161  1.00000000  4932
INTELSAT 40E (IS-40E)   
1 56174U 23052A   24186.21452803 -.00000175  00000+0  00000+0 0  9996
2 56174 000.0000 000.0000 0000000 000.0000 129.9368  1.00000000  4688
VIASAT-3                
1 56370U 23060A   24186.21452803 -.00000186  00000+0  00000+0 0  9990
2 56370 000.0000 000.0000 0000000 000.0000 209.9926  1.00000000  4288
ARCTURUS                
1 56371U 23060B   24186.21452803 -.00000118  00000+0  00000+0 0  9993
2 56371 000.0000 000.0000 0000000 000.0000 255.9381  1.00000000  4306
GS-1                    
1 56372U 23060C   24186.21452803 -.00000219  00000+0  00000+0 0  9991
2 56372 000.0000 000.0000 0000000 000.0000 76.39313  1.00000000   372
BEIDOU-3 G4             
1 56564U 23066A   24186.21452803 -.00000110  00000+0  00000+0 0  9996
2 56564 000.0000 000.0000 0000000 000.0000 24.08860  1.00000000  4240
ARABSAT-7B (BADR-8)     
1 56757U 23075A   24186.21452803  .00000144  00000+0  00000+0 0  9992
2 56757 000.0000 000.0000 0000000 000.0000 356.9146  1.00000000  3974
IRNSS-1J (NVS-01)       
1 56759U 23076A   24186.21452803 -.00000331  00000+0  00000+0 0  9992
2 56759 000.0000 000.0000 0000000 000.0000 212.5200  1.00000000  4052
NUSANTARA TIGA (SATRIA) 
1 57045U 23086A   24186.21452803 -.00000236  00000+0  00000+0 0  9990
2 57045 000.0000 000.0000 0000000 000.0000 159.6730  1.00000000  3908
H2SAT (HEINRICH HERTZ)  
1 57213U 23093A   24186.21452803  .00000000  00000+0  00000+0 0  9996
2 57213 000.0000 000.0000 0000000 000.0000 128.7595  1.00000000  3727
SYRACUSE 4B             
1 57214U 23093B   24186.21452803 -.00000055  00000+0  00000+0 0  9995
2 57214 000.0000 000.0000 0000000 000.0000 122.7048  1.00000000   794
JUPITER 3 (ECHOSTAR 24) 
1 57479U 23108A   24186.21452803 -.00000149  00000+0  00000+0 0  9996
2 57479 000.0000 000.0000 0000000 000.0000 168.8214  1.00000000  3498
GALAXY 37 (G-37)        
1 57493U 23112A   24186.21452803  .00000047  00000+0  00000+0 0  9995
2 57493 000.0000 000.0000 0000000 000.0000 127.7326  1.00000000  3361
LUDI TANCE-4 01A        
1 57624U 23120A   24186.21452803 -.00000165  00000+0  00000+0 0  9998
2 57624 000.0000 000.0000 0000000 000.0000 4.095614  1.00000000  3391
TJS-10                  
1 58204U 23169A   24186.21452803 -.00000001  00000+0  00000+0 0  9996
2 58204 000.0000 000.0000 0000000 000.0000 105.4405  1.00000000  2381
ZHONGXING-6E            
1 58253U 23172A   24186.21452803 -.00000362  00000+0  00000+0 0  9997
2 58253 000.0000 000.0000 0000000 000.0000 14.72483  1.00000000  2506
YAOGAN-41               
1 58582U 23197A   24186.21452803 -.00000356  00000+0  00000+0 0  9999
2 58582 000.0000 000.0000 0000000 000.0000 355.3669  1.00000000  2160
OVZON-3                 
1 58698U 24003A   24186.21452803  .00000051  00000+0  00000+0 0  9997
2 58698 000.0000 000.0000 0000000 000.0000 205.7688  1.00000000  2071
INSAT-3DS               
1 58990U 24033A   24186.21452803 -.00000142  00000+0  00000+0 0  9999
2 58990 000.0000 000.0000 0000000 000.0000 347.6843  1.00000000   992
MERAH PUTIH 2           
1 58995U 24035A   24186.21452803 -.00000359  00000+0  00000+0 0  9990
2 58995 000.0000 000.0000 0000000 000.0000 2.913298  1.00000000  1439
TJS-11                  
1 59020U 24037A   24186.21452803 -.00000364  00000+0  00000+0 0  9998
2 59020 000.0000 000.0000 0000000 000.0000 326.1194  1.00000000  1435
HULIANWAN GAOGUI-01 (H*)
1 59069U 24040A   24186.21452803  .00000155  00000+0  00000+0 0  9995
2 59069 000.0000 000.0000 0000000 000.0000 16.95543  1.00000000  1425
PAKSAT-MM1              
1 59915U 24104A   24186.21452803  .00000153  00000+0  00000+0 0  9999
2 59915 000.0000 000.0000 0000000 000.0000 279.3012  1.00000000   448
