TDRS 3                  
1 19548U 88091B   24186.21452803 -.00000307  00000+0  00000+0 0  9998
2 19548  13.1491 345.8072 0033413 341.3747 343.6772  1.00265096118218
FLTSATCOM 8 (USA 46)    
1 20253U 89077A   24186.21452803 -.00000377  00000+0  00000+0 0  9998
2 20253  12.6283 355.4514 0005174  86.2254 43.59596  1.00261142253478
SKYNET 4C               
1 20776U 90079A   24186.21452803  .00000117  00000+0  00000+0 0  9996
2 20776  13.5688 354.6810 0001970 127.5590 271.1194  1.00277978123793
TDRS 5                  
1 21639U 91054B   24186.21452803 -.00000309  00000+0  00000+0 0  9997
2 21639  14.1602 358.9943 0003746 217.1768 81.29898  1.00263235120557
TDRS 6                  
1 22314U 93003B   24186.21452803 -.00000305  00000+0  00000+0 0  9990
2 22314  14.1631   2.2944 0011653 155.1551 156.6652  1.00270751115242
UFO 2 (USA 95)          
1 22787U 93056A   24186.21452803  .00000116  00000+0  00000+0 0  9997
2 22787  11.6610   7.2878 0003248  90.0129 291.3690  1.00276243111503
USA 99 (MILSTAR-1 1)    
1 22988U 94009A   24186.21452803 -.00000213  00000+0  00000+0 0  9998
2 22988  16.5354  35.2760 0001765  86.7934 147.8746  1.00271163 24490
UFO 4 (USA 108)         
1 23467U 95003A   24186.21452803 -.00000029  00000+0  00000+0 0  9992
2 23467   9.6651  15.4227 0004889 104.8563 51.94951  1.00275248107790
AMSC 1                  
1 23553U 95019A   24186.21452803 -.00000048  00000+0  00000+0 0  9995
2 23553  12.6297  21.2323 0012323 297.3180 243.6113  0.98909508107021
TDRS 7                  
1 23613U 95035B   24186.21452803 -.00000211  00000+0  00000+0 0  9997
2 23613  13.6742 353.1130 0028128  72.0238 19.71134  1.00271005106093
USA 115 (MILSTAR-1 2)   
1 23712U 95060A   24186.21452803 -.00000030  00000+0  00000+0 0  9991
2 23712  13.8070   8.9088 0000872  79.7131 151.2930  1.00271350 24491
INMARSAT 3-F1           
1 23839U 96020A   24186.21452803 -.00000154  00000+0  00000+0 0  9993
2 23839   9.1008  52.7679 0006802  70.6076 145.8197  0.99979945103425
INMARSAT 3-F2           
1 24307U 96053A   24186.21452803 -.00000241  00000+0  00000+0 0  9993
2 24307   8.2245  60.8077 0008513  42.1462 49.08590  1.00004736101789
INMARSAT 3-F3           
1 24674U 96070A   24186.21452803  .00000130  00000+0  00000+0 0  9999
2 24674   8.7599  56.0839 0005215  62.7069 280.8934  0.99989006100771
GALAXY 25 (G-25)        
1 24812U 97026A   24186.21452803  .00000068  00000+0  00000+0 0  9990
2 24812   5.5818  75.9377 0011199   0.6717 351.2513  0.99090521 99151
INTELSAT 5 (IS-5)       
1 24916U 97046A   24186.21452803 -.00000073  00000+0  00000+0 0  9996
2 24916   8.8371  55.3344 0003190  89.8661 20.88058  1.00271898 98469
AMC-3                   
1 24936U 97050A   24186.21452803 -.00000269  00000+0  00000+0 0  9997
2 24936   6.3889  72.0059 0002463  42.0567 173.8529  1.00270934 98295
USA 134                 
1 25019U 97065A   24186.21452803 -.00000073  00000+0  00000+0 0  9997
2 25019  11.9284  26.7423 0001667  41.9731 179.1236  1.00273394 25798
INMARSAT 3-F5           
1 25153U 98006B   24186.21452803 -.00000298  00000+0  00000+0 0  9993
2 25153   8.0825  59.9507 0003798  45.4699 200.4411  1.00267787 96747
ASTRA 2A                
1 25462U 98050A   24186.21452803  .00000062  00000+0  00000+0 0  9990
2 25462   5.2892  77.2865 0002842  20.2147 319.6119  1.00273055 94591
SKYNET 4E               
1 25639U 99009B   24186.21452803 -.00000044  00000+0  00000+0 0  9999
2 25639  11.6420  12.9870 0002343  95.6531 250.0597  1.00272693 44239
ABS-6                   
1 25924U 99053A   24186.21452803 -.00000120  00000+0  00000+0 0  9999
2 25924   0.0175 315.4328 0003619 144.3004 59.21475  1.00270120 90683
UFO 10 (USA 146)        
1 25967U 99063A   24186.21452803 -.00000195  00000+0  00000+0 0  9991
2 25967   9.4692  30.5712 0002407 112.1035 194.4659  1.00275141 90192
GALAXY 11 (G-11)        
1 26038U 99071A   24186.21452803 -.00000061  00000+0  00000+0 0  9990
2 26038   4.8970  79.0730 0000875 151.3036 295.8479  1.00273000 89922
USA 148                 
1 26052U 00001A   24186.21452803  .00000029  00000+0  00000+0 0  9991
2 26052  10.7371  37.6210 0000318 223.5391 279.1816  1.00274309 25801
ASIASTAR                
1 26107U 00016A   24186.21452803 -.00000342  00000+0  00000+0 0  9993
2 26107   7.4455  65.3991 0003890  34.7063 4.810294  1.00274650 89005
USA 149 (DSP 20)        
1 26356U 00024A   24186.21452803  .00000085  00000+0  00000+0 0  9997
2 26356  12.6289  16.6932 0000732 329.0555 209.1769  1.00258403 25759
TDRS 8                  
1 26388U 00034A   24186.21452803  .00000085  00000+0  00000+0 0  9998
2 26388  11.5601  37.1522 0000901 199.0035 316.2682  1.00279200 88035
INTELSAT 9 (IS-9)       
1 26451U 00043A   24186.21452803  .00000082  00000+0  00000+0 0  9996
2 26451   8.8228  55.5282 0002473  77.1189 240.1669  1.00385644 87690
NSS-11                  
1 26554U 00059A   24186.21452803  .00000024  00000+0  00000+0 0  9996
2 26554   0.2766  88.5842 0002749  18.7799 68.55053  1.00271848 34136
USA 153                 
1 26575U 00065A   24186.21452803 -.00000335  00000+0  00000+0 0  9993
2 26575  10.3833  40.8890 0001003  22.2202 71.18232  1.00268789 24450
AMC-6                   
1 26580U 00067A   24186.21452803  .00000105  00000+0  00000+0 0  9990
2 26580   0.0205  46.9776 0002574  69.9933 103.9573  1.00270410 86739
INTELSAT 1R (IS-1R)     
1 26608U 00072A   24186.21452803 -.00000147  00000+0  00000+0 0  9997
2 26608   6.3063  72.5338 0000436 120.1305 324.3652  1.00271650 86503
ANIK F1                 
1 26624U 00076A   24186.21452803 -.00000066  00000+0  00000+0 0  9995
2 26624   3.3458  83.5493 0009401  21.4934 145.7228  1.00271045 35985
USA 157 (MILSTAR-2 2)   
1 26715U 01009A   24186.21452803  .00000003  00000+0  00000+0 0  9998
2 26715  10.7646  23.7640 0002057  93.9474 117.9383  1.00272569 24499
INTELSAT 10 (IS-10)     
1 26766U 01019A   24186.21452803 -.00000330  00000+0  00000+0 0  9993
2 26766   7.3636  66.4911 0003108  49.5261 350.3864  1.00119274 38460
INTELSAT 901 (IS-901)   
1 26824U 01024A   24186.21452803 -.00000202  00000+0  00000+0 0  9996
2 26824   0.0156 334.5959 0000585 106.5180 251.3189  1.00270799 84437
USA 159 (DSP 21)        
1 26880U 01033A   24186.21452803 -.00000308  00000+0  00000+0 0  9990
2 26880  12.1096  21.1909 0001363 258.1098 31.53526  1.00268936 24460
INTELSAT 902 (IS-902)   
1 26900U 01039A   24186.21452803 -.00000287  00000+0  00000+0 0  9996
2 26900   4.3023  80.4570 0004862  39.0579 190.3319  1.00271482 83535
USA 164 (MILSTAR-2 3)   
1 27168U 02001A   24186.21452803  .00000076  00000+0  00000+0 0  9998
2 27168  10.3329  25.7680 0099098   0.3467 349.9359  1.00272691 24493
INTELSAT 904 (IS-904)   
1 27380U 02007A   24186.21452803 -.00000220  00000+0  00000+0 0  9999
2 27380   5.1211  77.6641 0003119  34.8038 217.9538  1.00270358 81933
DIRECTV 5 (TEMPO 1)     
1 27426U 02023A   24186.21452803 -.00000059  00000+0  00000+0 0  9990
2 27426   3.0432  84.2534 0002933  22.7367 142.8268  1.00270977 80967
INTELSAT 905 (IS-905)   
1 27438U 02027A   24186.21452803 -.00000191  00000+0  00000+0 0  9998
2 27438   4.9478  78.3155 0002384  29.1431 227.9712  1.00271270 44215
GALAXY 3C (G-3C)        
1 27445U 02030A   24186.21452803 -.00000155  00000+0  00000+0 0  9999
2 27445   1.8892  86.6223 0003374  35.8174 142.6328  1.00270891 80802
INTELSAT 906 (IS-906)   
1 27513U 02041A   24186.21452803  .00000009  00000+0  00000+0 0  9992
2 27513   3.9786  81.7009 0003773  19.3432 323.0482  1.00273231 79878
TDRS 10                 
1 27566U 02055A   24186.21452803  .00000077  00000+0  00000+0 0  9994
2 27566   9.5940  45.2902 0005626 351.3963 152.0549  1.00270740 79081
NIMIQ 2                 
1 27632U 02062A   24186.21452803 -.00000074  00000+0  00000+0 0  9995
2 27632   7.7685  64.0767 0005002  42.7342 143.8877  1.00271379 37026
USA 167                 
1 27691U 03008A   24186.21452803  .00000042  00000+0  00000+0 0  9996
2 27691   9.5290  49.3809 0000436 179.1649 1.510973  1.00271685 25796
USA 169 (MILSTAR-2 4)   
1 27711U 03012A   24186.21452803 -.00000206  00000+0  00000+0 0  9996
2 27711  11.2558  35.2573 0098641   3.0127 113.7856  1.00270878 24495
ASIASAT 4               
1 27718U 03014A   24186.21452803 -.00000226  00000+0  00000+0 0  9994
2 27718   2.8703  84.7613 0002593  18.3524 44.37060  1.00271412 77772
HELLAS-SAT 2            
1 27811U 03020A   24186.21452803 -.00000090  00000+0  00000+0 0  9996
2 27811   5.5642  76.3144 0004465  37.4379 236.1440  1.00271609 77187
THURAYA-2               
1 27825U 03026A   24186.21452803  .00000119  00000+0  00000+0 0  9991
2 27825   7.7434  34.1808 0002903  46.0082 323.7615  1.00270875 77196
OPTUS C1                
1 27831U 03028B   24186.21452803 -.00000157  00000+0  00000+0 0  9992
2 27831   5.0886  77.9821 0005318  22.3831 55.26274  1.00270548 77179
GALAXY 23 (G-23)        
1 27854U 03034A   24186.21452803  .00000011  00000+0  00000+0 0  9990
2 27854   1.3478  88.8624 0002782  25.6529 124.5390  1.00273015 76584
USA 170                 
1 27875U 03040A   24186.21452803  .00000119  00000+0  00000+0 0  9999
2 27875   8.9724  54.2915 0001250  26.1747 303.5718  1.00274809 25835
GALAXY 13 (HORIZONS-1)  
1 27954U 03044A   24186.21452803  .00000133  00000+0  00000+0 0  9999
2 27954   0.0476  72.3718 0000689 107.7830 29.70893  1.00273851 39410
YAMAL 202               
1 28089U 03053A   24186.21452803 -.00000085  00000+0  00000+0 0  9999
2 28089   4.5309  79.5545 0004427  35.9400 47.91080  1.00271376 75544
UFO 11 (USA 174)        
1 28117U 03057A   24186.21452803 -.00000110  00000+0  00000+0 0  9995
2 28117   8.0922  36.6979 0003651  73.1479 325.4716  1.00271645 75278
USA 176 (DSP 22)        
1 28158U 04004A   24186.21452803 -.00000229  00000+0  00000+0 0  9994
2 28158  11.0842  30.9206 0000275 296.2823 120.0102  1.00275680 24464
ABS-4 (MOBISAT-1)       
1 28184U 04007A   24186.21452803  .00000035  00000+0  00000+0 0  9994
2 28184   4.2244  80.6475 0004422  31.0219 309.2224  1.00270911 45183
EUTELSAT 7A             
1 28187U 04008A   24186.21452803  .00000099  00000+0  00000+0 0  9997
2 28187   4.0094  80.4413 0002541  25.2539 115.0120  1.00270399 74424
AMC-11                  
1 28252U 04017A   24186.21452803 -.00000049  00000+0  00000+0 0  9991
2 28252   0.0165 354.7867 0000984  95.0942 158.9447  1.00271978 73712
INTELSAT 10-02          
1 28358U 04022A   24186.21452803 -.00000011  00000+0  00000+0 0  9990
2 28358   0.0143 319.6260 0000497 131.2267 268.0893  1.00272271 73477
ANIK F2                 
1 28378U 04027A   24186.21452803 -.00000052  00000+0  00000+0 0  9997
2 28378   1.4438  88.3795 0002364  11.3302 149.1229  1.00272240 73202
AMC-15                  
1 28446U 04041A   24186.21452803 -.00000088  00000+0  00000+0 0  9998
2 28446   0.0325 311.6098 0002080 156.2433 147.0333  1.00271569 72158
NSS-10                  
1 28526U 05003A   24186.21452803 -.00000256  00000+0  00000+0 0  9994
2 28526   4.6568  79.0150 0002625  22.1888 221.2521  1.00270136 71161
XTAR-EUR                
1 28542U 05005A   24186.21452803  .00000149  00000+0  00000+0 0  9999
2 28542   2.4907  85.6550 0002745  16.6653 286.5821  1.00272242 71024
XM-3 (RHYTHM)           
1 28626U 05008A   24186.21452803 -.00000204  00000+0  00000+0 0  9997
2 28626   0.0140  28.0808 0004752 197.8604 48.82385  1.00268159 35460
INMARSAT 4-F1           
1 28628U 05009A   24186.21452803  .00000029  00000+0  00000+0 0  9995
2 28628   4.2972  41.1186 0001565  85.8414 51.06927  1.00271804 70523
DIRECTV 8               
1 28659U 05019A   24186.21452803  .00000000  00000+0  00000+0 0  9999
2 28659   0.0125 346.5469 0002710 122.2454 132.0902  1.00271043 70030
GALAXY 28 (G-28)        
1 28702U 05022A   24186.21452803 -.00000187  00000+0  00000+0 0  9993
2 28702   1.4531  87.7926 0001226 148.7848 34.35571  1.00270853 44839
THAICOM 4               
1 28786U 05028A   24186.21452803 -.00000363  00000+0  00000+0 0  9995
2 28786   0.0285  31.7705 0001870  81.0814 6.559675  1.00271031 69176
GALAXY 14 (G-14)        
1 28790U 05030A   24186.21452803  .00000151  00000+0  00000+0 0  9997
2 28790   3.1734  83.6502 0001237  16.3084 292.8542  1.00270373 69153
ANIK F1R                
1 28868U 05036A   24186.21452803 -.00000077  00000+0  00000+0 0  9999
2 28868   2.4752  85.4568 0003442  15.4068 151.7516  1.00271259 69007
SYRACUSE 3A             
1 28885U 05041B   24186.21452803  .00000128  00000+0  00000+0 0  9991
2 28885   2.8161  84.7215 0002565  17.3414 304.0862  1.00274410 68591
INMARSAT 4-F2           
1 28899U 05044A   24186.21452803 -.00000265  00000+0  00000+0 0  9997
2 28899   4.2076  42.5290 0001593  72.4364 28.44790  1.00271102 68358
SPACEWAY 2              
1 28903U 05046B   24186.21452803  .00000099  00000+0  00000+0 0  9993
2 28903   3.6472  80.0972 0000501 187.1024 313.8258  1.00271232 44181
METEOSAT-9 (MSG-2)      
1 28912U 05049B   24186.21452803  .00000118  00000+0  00000+0 0  9991
2 28912   7.7248  60.7311 0001682 358.6417 346.2033  1.00271818 67923
EUTELSAT 174A           
1 28924U 05052A   24186.21452803  .00000006  00000+0  00000+0 0  9997
2 28924   2.4025  85.3397 0006123  17.6945 70.88056  1.00270205 45179
ECHOSTAR 10             
1 28935U 06003A   24186.21452803 -.00000055  00000+0  00000+0 0  9999
2 28935   0.0289 307.5610 0001111 137.6797 164.4609  1.00271372 67325
SPAINSAT                
1 28945U 06007A   24186.21452803 -.00000215  00000+0  00000+0 0  9997
2 28945   0.0600 246.2881 0003832 250.1138 193.5333  1.00271255 67068
EUTELSAT HOTBIRD 13E    
1 28946U 06007B   24186.21452803  .00000085  00000+0  00000+0 0  9995
2 28946   0.2585 106.7741 0004530   3.8171 262.1109  1.00272357 67148
JCSAT-5A                
1 29045U 06010A   24186.21452803 -.00000328  00000+0  00000+0 0  9997
2 29045   0.0470 268.0074 0000639 284.8803 299.0852  1.00271341 66794
ASTRA 1KR               
1 29055U 06012A   24186.21452803  .00000119  00000+0  00000+0 0  9996
2 29055   0.0529 282.9572 0002021 239.5949 216.5660  1.00269865 38563
EWS-G1 (GOES 13)        
1 29155U 06018A   24186.21452803 -.00000249  00000+0  00000+0 0  9990
2 29155   2.6685  85.1139 0078869 255.5351 180.1085  0.99071774 36195
GALAXY 16 (G-16)        
1 29236U 06023A   24186.21452803 -.00000127  00000+0  00000+0 0  9992
2 29236   0.0158  44.7592 0002422  71.3216 144.8530  1.00269978 66112
EUTELSAT HOTBIRD 13B    
1 29270U 06032A   24186.21452803  .00000155  00000+0  00000+0 0  9998
2 29270   0.0408  45.9408 0004582  71.2820 275.7684  1.00272448 40150
JCSAT-3A                
1 29272U 06033A   24186.21452803 -.00000345  00000+0  00000+0 0  9991
2 29272   0.0228 298.9928 0002723 186.4872 2.443731  1.00271134 65611
SYRACUSE 3B             
1 29273U 06033B   24186.21452803 -.00000046  00000+0  00000+0 0  9992
2 29273   1.0662  89.3358 0003178  10.9612 254.4117  1.00271409 65603
KOREASAT 5 (MUGUNGWHA 5)
1 29349U 06034A   24186.21452803 -.00000358  00000+0  00000+0 0  9990
2 29349   0.0488 231.4714 0001511 284.1657 317.3397  1.00269843 65482
DIRECTV 9S              
1 29494U 06043A   24186.21452803 -.00000115  00000+0  00000+0 0  9990
2 29494   0.5738  89.4113 0002732  18.5135 150.8048  1.00271899 64951
OPTUS D1                
1 29495U 06043B   24186.21452803 -.00000185  00000+0  00000+0 0  9990
2 29495   1.1879  88.6456 0003597  14.2820 49.01328  1.00271752 64964
BADR-4                  
1 29526U 06051A   24186.21452803  .00000145  00000+0  00000+0 0  9993
2 29526   0.1606  79.4415 0001366   7.7934 298.9613  1.00274833 44111
WILDBLUE-1              
1 29643U 06054A   24186.21452803 -.00000050  00000+0  00000+0 0  9999
2 29643   0.9544  90.0811 0001424  23.6482 135.0166  1.00272049 64390
SKYNET 5A               
1 30794U 07007B   24186.21452803 -.00000275  00000+0  00000+0 0  9991
2 30794   3.4728  82.3278 0003554  26.1786 346.5961  1.00268400 63543
ANIK F3                 
1 31102U 07009A   24186.21452803 -.00000002  00000+0  00000+0 0  9990
2 31102   0.0273  34.1227 0002013  63.5574 143.5334  1.00270565 63180
ASTRA 1L                
1 31306U 07016A   24186.21452803  .00000119  00000+0  00000+0 0  9991
2 31306   0.0673 313.0814 0001159  82.4799 343.5425  1.00270757 37842
GALAXY 17 (G-17)        
1 31307U 07016B   24186.21452803 -.00000208  00000+0  00000+0 0  9990
2 31307   1.1594  89.1829 0004487  33.1238 152.6085  1.00271274 62922
ZHONGXING-6B            
1 31800U 07031A   24186.21452803 -.00000363  00000+0  00000+0 0  9990
2 31800   0.5580  91.0987 0002443  15.7204 8.427207  1.00272664 62322
DIRECTV 10              
1 31862U 07032A   24186.21452803 -.00000103  00000+0  00000+0 0  9998
2 31862   0.0113 259.0841 0000284 314.7681 43.28639  1.00272856 38437
BSAT-3A                 
1 32019U 07036B   24186.21452803 -.00000351  00000+0  00000+0 0  9998
2 32019   0.0650 219.0517 0002179 324.2240 286.4931  1.00270184 43377
OPTUS D2                
1 32252U 07044A   24186.21452803 -.00000111  00000+0  00000+0 0  9992
2 32252   0.2246  92.0379 0003269  11.3502 56.58595  1.00271738 61414
INTELSAT 11 (IS-11)     
1 32253U 07044B   24186.21452803 -.00000270  00000+0  00000+0 0  9999
2 32253   1.7059  87.6221 0002926  25.5827 203.7018  1.00270240 61379
WGS F1 (USA 195)        
1 32258U 07046A   24186.21452803 -.00000268  00000+0  00000+0 0  9999
2 32258   0.1028  91.6729 0003417 338.8832 246.9070  1.00269938 61165
SKYNET 5B               
1 32294U 07056B   24186.21452803  .00000137  00000+0  00000+0 0  9990
2 32294   3.4293  81.9404 0003906  19.6086 283.5220  1.00274835 61043
ASTRA 4A                
1 32299U 07057A   24186.21452803  .00000031  00000+0  00000+0 0  9994
2 32299   0.0123 347.8578 0002735 101.9080 274.9713  1.00270487 60814
HORIZONS-2              
1 32388U 07063B   24186.21452803 -.00000255  00000+0  00000+0 0  9993
2 32388   0.7552  89.5257 0001862  23.9025 172.7012  1.00271666 60724
THURAYA-3               
1 32404U 08001A   24186.21452803 -.00000307  00000+0  00000+0 0  9991
2 32404   4.8750  32.6154 0001992  63.4098 2.403450  1.00273418 60386
THOR 5                  
1 32487U 08006A   24186.21452803 -.00000010  00000+0  00000+0 0  9992
2 32487   0.0175  47.9012 0002187  60.7251 250.5488  1.00271237 60166
AMC-14                  
1 32708U 08011A   24186.21452803  .00000054  00000+0  00000+0 0  9990
2 32708  23.1096  29.0974 0039748   5.8879 342.4302  1.00272959 61009
DIRECTV 11              
1 32729U 08013A   24186.21452803 -.00000126  00000+0  00000+0 0  9998
2 32729   0.0484 191.1099 0000287 326.6387 102.9791  1.00270763 59780
ICO G1                  
1 32763U 08016A   24186.21452803 -.00000177  00000+0  00000+0 0  9997
2 32763   4.9321  35.1255 0002440  54.8433 177.1218  1.00271762 59311
VINASAT-1               
1 32767U 08018A   24186.21452803 -.00000329  00000+0  00000+0 0  9996
2 32767   0.0279 311.2037 0001337 170.6274 10.03257  1.00270601 59431
STAR ONE C2             
1 32768U 08018B   24186.21452803 -.00000277  00000+0  00000+0 0  9995
2 32768   0.0248  17.5401 0002406 100.2505 177.1404  1.00271375 59503
AMOS-3                  
1 32794U 08022A   24186.21452803 -.00000036  00000+0  00000+0 0  9990
2 32794   0.0310 268.4118 0001014 231.1312 216.2281  1.00270802 75184
GALAXY 18 (G-18)        
1 32951U 08024A   24186.21452803  .00000024  00000+0  00000+0 0  9991
2 32951   0.0247  24.8479 0003014  90.7246 121.3597  1.00270308 58937
ZHONGXING-9             
1 33051U 08028A   24186.21452803 -.00000248  00000+0  00000+0 0  9995
2 33051   0.0142  37.8180 0004737  87.9490 326.3739  1.00268145 58865
SKYNET 5C               
1 33055U 08030A   24186.21452803 -.00000143  00000+0  00000+0 0  9998
2 33055   1.9509  85.2365 0003433  26.1142 230.7765  1.00271661 58751
TURKSAT 3A              
1 33056U 08030B   24186.21452803  .00000145  00000+0  00000+0 0  9999
2 33056   0.0445 112.3152 0004986   0.2518 289.3316  1.00272932 45202
INTELSAT 25 (IS-25)     
1 33153U 08034A   24186.21452803 -.00000226  00000+0  00000+0 0  9993
2 33153   0.8630  89.1674 0002875  24.5358 214.7186  1.00272113 58480
BADR-6                  
1 33154U 08034B   24186.21452803  .00000143  00000+0  00000+0 0  9995
2 33154   1.0027  86.8783 0008651  11.9802 287.2847  1.00271368 58609
ECHOSTAR 11             
1 33207U 08035A   24186.21452803 -.00000057  00000+0  00000+0 0  9991
2 33207   0.0166 348.3983 0002553 101.8709 159.6681  1.00275824 44058
SUPERBIRD-C2            
1 33274U 08038A   24186.21452803 -.00000253  00000+0  00000+0 0  9992
2 33274   0.5144  90.7697 0000847 102.1022 310.9790  1.00270086 58232
AMC-21                  
1 33275U 08038B   24186.21452803  .00000036  00000+0  00000+0 0  9990
2 33275   1.0988  89.7845 0002150  11.9020 133.3123  1.00270314 58332
INMARSAT 4-F3           
1 33278U 08039A   24186.21452803 -.00000143  00000+0  00000+0 0  9995
2 33278   3.7184  27.5305 0002664  77.9244 156.4806  1.00272594 58117
NIMIQ 4                 
1 33373U 08044A   24186.21452803 -.00000221  00000+0  00000+0 0  9995
2 33373   0.0440  68.0865 0002003  42.0419 167.8417  1.00267322 57688
GALAXY 19 (G-19)        
1 33376U 08045A   24186.21452803 -.00000140  00000+0  00000+0 0  9998
2 33376   0.0425 275.8797 0002535 187.4618 159.5803  1.00271660 57682
ASTRA 1M                
1 33436U 08057A   24186.21452803  .00000119  00000+0  00000+0 0  9990
2 33436   0.0145  10.3267 0005292 111.8806 256.9176  1.00270286 38583
EUTELSAT HOTBIRD 13C    
1 33459U 08065A   24186.21452803 -.00000102  00000+0  00000+0 0  9996
2 33459   1.1074  87.1874 0004199  16.9051 243.3257  1.00271461 40192
EXPRESS-AM44            
1 33595U 09007A   24186.21452803 -.00000091  00000+0  00000+0 0  9999
2 33595   1.6206  87.1386 0004612  13.1839 248.5829  1.00271302 45131
NSS-9                   
1 33749U 09008A   24186.21452803  .00000072  00000+0  00000+0 0  9995
2 33749   0.0177 342.6571 0001913 110.9346 89.39232  1.00271614 56363
EUTELSAT 33E            
1 33750U 09008B   24186.21452803 -.00000150  00000+0  00000+0 0  9995
2 33750   0.8276  88.6554 0004597  18.6020 157.2568  1.00273015 56292
TELSTAR 11N             
1 34111U 09009A   24186.21452803 -.00000251  00000+0  00000+0 0  9999
2 34111   0.0283  34.4073 0002189  61.7649 226.2076  1.00269174 56267
WGS F2 (USA 204)        
1 34713U 09017A   24186.21452803  .00000067  00000+0  00000+0 0  9993
2 34713   0.0148 356.3731 0000595 211.8089 209.2503  1.00272473 55791
SES-7 (PROTOSTAR 2)     
1 34941U 09027A   24186.21452803 -.00000346  00000+0  00000+0 0  9999
2 34941   0.0153  29.3303 0001304 163.5467 275.3157  1.00271552 55466
MEASAT-3A               
1 35362U 09032A   24186.21452803 -.00000112  00000+0  00000+0 0  9997
2 35362   0.0167 103.1915 0002625 348.5786 68.09677  1.00271519   874
GOES 14                 
1 35491U 09033A   24186.21452803 -.00000067  00000+0  00000+0 0  9990
2 35491   0.3793 102.4662 0003596   4.2406 144.7096  1.00272269 55005
FM-5                    
1 35493U 09034A   24186.21452803 -.00000201  00000+0  00000+0 0  9996
2 35493   0.0150 343.0502 0000929 279.3459 11.38244  1.00270429 54821
TERRESTAR-1             
1 35496U 09035A   24186.21452803 -.00000061  00000+0  00000+0 0  9990
2 35496   4.4606  47.6007 0002744  56.2081 145.1029  1.00271882 55001
ASIASAT 5               
1 35696U 09042A   24186.21452803 -.00000308  00000+0  00000+0 0  9992
2 35696   0.0313  86.3225 0001743 353.4103 20.71361  1.00272081 54525
JCSAT-12 (JCSAT-RA)     
1 35755U 09044A   24186.21452803 -.00000329  00000+0  00000+0 0  9996
2 35755   0.0465  89.0686 0001802  17.5253 25.38863  1.00271125 54518
OPTUS D3                
1 35756U 09044B   24186.21452803 -.00000148  00000+0  00000+0 0  9991
2 35756   0.0574  58.2794 0003001  28.7351 68.90676  1.00271527 54406
NIMIQ 5                 
1 35873U 09050A   24186.21452803 -.00000257  00000+0  00000+0 0  9996
2 35873   0.0042  95.5522 0002392   3.5478 188.1285  1.00270297 54201
AMAZONAS 2              
1 35942U 09054A   24186.21452803 -.00000279  00000+0  00000+0 0  9990
2 35942   0.0536 115.9946 0005246   9.3057 173.5903  1.00269322 54015
COMSATBW-1              
1 35943U 09054B   24186.21452803  .00000024  00000+0  00000+0 0  9993
2 35943   0.0539  56.9611 0002462  58.3348 307.6310  1.00272122 54115
NSS-12                  
1 36032U 09058A   24186.21452803  .00000071  00000+0  00000+0 0  9991
2 36032   0.0309 308.0487 0003254 154.6732 314.2096  1.00270534 53765
THOR 6                  
1 36033U 09058B   24186.21452803 -.00000011  00000+0  00000+0 0  9992
2 36033   0.0174  44.0801 0001767  88.2322 226.7620  1.00270422 53852
INTELSAT 14 (IS-14)     
1 36097U 09064A   24186.21452803 -.00000273  00000+0  00000+0 0  9992
2 36097   0.0141 356.0052 0002208 108.2433 210.6879  1.00272241 53455
EUTELSAT 36B            
1 36101U 09065A   24186.21452803  .00000155  00000+0  00000+0 0  9998
2 36101   0.0647 357.2271 0004919 105.3546 293.2659  1.00274987 53566
INTELSAT 15 (IS-15)     
1 36106U 09067A   24186.21452803 -.00000186  00000+0  00000+0 0  9995
2 36106   0.0183  34.6677 0001936  73.5218 336.8938  1.00271555 34070
WGS F3 (USA 211)        
1 36108U 09068A   24186.21452803 -.00000269  00000+0  00000+0 0  9991
2 36108   0.0049  99.2305 0000616 122.1435 95.75722  1.00270932 53357
DIRECTV 12              
1 36131U 09075A   24186.21452803 -.00000103  00000+0  00000+0 0  9993
2 36131   0.0190 197.2524 0000288 110.1222 309.8221  1.00271538 39415
BEIDOU-2 G1             
1 36287U 10001A   24186.21452803 -.00000284  00000+0  00000+0 0  9996
2 36287   2.6503  58.3989 0003205 310.8741 131.0448  1.00268793 53016
RADUGA-1M 2             
1 36358U 10002A   24186.21452803 -.00000187  00000+0  00000+0 0  9991
2 36358   1.7650  88.2935 0001263   9.2597 347.3806  1.00273454 42939
SDO                     
1 36395U 10005A   24186.21452803 -.00000103  00000+0  00000+0 0  9998
2 36395  33.1562  97.3391 0000707 168.5037 352.1126  1.00270122 52903
INTELSAT 16 (IS-16)     
1 36397U 10006A   24186.21452803 -.00000244  00000+0  00000+0 0  9990
2 36397   0.0122  29.2250 0002424 104.7178 149.7727  1.00271019 52490
EWS-G2 (GOES 15)        
1 36411U 10008A   24186.21452803  .00000039  00000+0  00000+0 0  9995
2 36411   0.3466  89.1335 0002788 107.6802 224.2862  1.00270557 52489
ECHOSTAR 14             
1 36499U 10010A   24186.21452803  .00000000  00000+0  00000+0 0  9996
2 36499   0.0013   3.8413 0002043 102.3157 134.8724  1.00271531 52389
SES-1                   
1 36516U 10016A   24186.21452803 -.00000114  00000+0  00000+0 0  9997
2 36516   0.0234 321.7957 0002477 136.0959 161.0276  1.00271378 51876
ASTRA 3B                
1 36581U 10021A   24186.21452803  .00000136  00000+0  00000+0 0  9990
2 36581   0.0297  39.7020 0004406  59.5415 284.1930  1.00271087 51728
COMSATBW-2              
1 36582U 10021B   24186.21452803  .00000087  00000+0  00000+0 0  9991
2 36582   0.0394 127.7963 0001925 344.5593 260.7446  1.00270416 51845
BEIDOU-2 G3             
1 36590U 10024A   24186.21452803 -.00000138  00000+0  00000+0 0  9996
2 36590   2.8440  61.1891 0008162 355.1005 23.19035  1.00269284 51611
BADR-5                  
1 36592U 10025A   24186.21452803  .00000144  00000+0  00000+0 0  9993
2 36592   0.0460 126.5400 0005006   0.7738 258.5827  1.00269432 46068
COMS 1                  
1 36744U 10032A   24186.21452803 -.00000348  00000+0  00000+0 0  9990
2 36744   2.9827  84.1912 0000678  40.6226 3.238216  1.00269964 51505
ARABSAT-5A              
1 36745U 10032B   24186.21452803  .00000153  00000+0  00000+0 0  9999
2 36745   0.0512  39.1535 0005676  66.4009 284.8678  1.00274332 51492
ECHOSTAR 15             
1 36792U 10034A   24186.21452803 -.00000281  00000+0  00000+0 0  9997
2 36792   0.0222  69.6011 0001830  11.9931 216.6925  1.00271775 51162
BEIDOU-2 IGSO-1         
1 36828U 10036A   24186.21452803 -.00000076  00000+0  00000+0 0  9995
2 36828  54.2565 169.4124 0042026 207.3736 91.09333  1.00277587 51057
NILESAT 201             
1 36830U 10037A   24186.21452803 -.00000058  00000+0  00000+0 0  9991
2 36830   0.0097 275.5359 0004727 215.0083 222.4028  1.00272728 51147
RASCOM-QAF 1R           
1 36831U 10037B   24186.21452803  .00000018  00000+0  00000+0 0  9997
2 36831   0.0189  82.3598 0005775  19.7837 260.6941  1.00271423 51143
AEHF-1 (USA 214)        
1 36868U 10039A   24186.21452803  .00000017  00000+0  00000+0 0  9998
2 36868   6.4228  77.1231 0003893  25.4934 261.3084  1.00272145 51281
XM-5                    
1 37185U 10053A   24186.21452803 -.00000022  00000+0  00000+0 0  9995
2 37185   0.0175  27.7552 0000562 199.8971 17.07306  1.00270241 50323
BSAT-3B                 
1 37207U 10056B   24186.21452803 -.00000351  00000+0  00000+0 0  9992
2 37207   0.0498 314.4533 0001404  33.3632 121.9632  1.00272255 44958
BEIDOU-2 G4             
1 37210U 10057A   24186.21452803 -.00000115  00000+0  00000+0 0  9997
2 37210   1.8846  69.0436 0004098 157.4663 293.4273  1.00270292 50135
SKYTERRA 1              
1 37218U 10061A   24186.21452803 -.00000121  00000+0  00000+0 0  9992
2 37218   3.6478  48.4595 0001523  37.4972 172.6791  1.00272369 50037
HYLAS 1                 
1 37237U 10065A   24186.21452803 -.00000309  00000+0  00000+0 0  9992
2 37237   3.8192  81.7133 0007310 292.8795 114.3252  1.00588278 49823
INTELSAT 17 (IS-17)     
1 37238U 10065B   24186.21452803 -.00000002  00000+0  00000+0 0  9997
2 37238   0.0324  70.0399 0002506  33.1278 322.7558  1.00271212 46086
BEIDOU-2 IGSO-2         
1 37256U 10068A   24186.21452803 -.00000185  00000+0  00000+0 0  9990
2 37256  48.8639 280.7291 0036230 210.2706 332.2235  1.00247372 49557
EUTELSAT KA-SAT 9A      
1 37258U 10069A   24186.21452803  .00000061  00000+0  00000+0 0  9999
2 37258   0.0804 286.5403 0004527 178.2414 264.1529  1.00270251 36852
HISPASAT 30W-5          
1 37264U 10070A   24186.21452803 -.00000216  00000+0  00000+0 0  9998
2 37264   0.0354 109.4223 0005536   8.7860 211.7166  1.00271557 46033
KOREASAT 6              
1 37265U 10070B   24186.21452803 -.00000363  00000+0  00000+0 0  9990
2 37265   0.0245  54.6125 0000915  75.2834 346.0361  1.00267920 49617
BEIDOU-2 IGSO-3         
1 37384U 11013A   24186.21452803 -.00000188  00000+0  00000+0 0  9997
2 37384  61.3746  46.9503 0026882 173.5604 244.8960  1.00254430 48508
INTELSAT NEW DAWN       
1 37392U 11016A   24186.21452803  .00000155  00000+0  00000+0 0  9991
2 37392   0.0173  82.7289 0000881  49.0924 260.9118  1.00271991 48367
YAHSAT 1A               
1 37393U 11016B   24186.21452803  .00000100  00000+0  00000+0 0  9992
2 37393   0.0148 306.3029 0003045 180.9941 285.1241  1.00273036 35255
SBIRS GEO-1 (USA 230)   
1 37481U 11019A   24186.21452803 -.00000007  00000+0  00000+0 0  9998
2 37481   3.0271  48.8595 0001713  52.3845 324.3864  1.00271867 48248
TELSTAR 14R             
1 37602U 11021A   24186.21452803 -.00000281  00000+0  00000+0 0  9995
2 37602   0.0153 333.1721 0002446  95.1811 228.5736  1.00271232 48636
GSAT-8                  
1 37605U 11022A   24186.21452803  .00000084  00000+0  00000+0 0  9991
2 37605   0.2822  91.3803 0002798 168.8255 154.7873  1.00271455 46061
ST-2                    
1 37606U 11022B   24186.21452803 -.00000212  00000+0  00000+0 0  9993
2 37606   0.0264  42.4101 0000755 101.3153 304.2322  1.00269791 48129
ZHONGXING-10            
1 37677U 11026A   24186.21452803 -.00000353  00000+0  00000+0 0  9998
2 37677   0.0521 260.1437 0003816 259.2203 311.0981  1.00272429 47846
SES-3                   
1 37748U 11035A   24186.21452803 -.00000102  00000+0  00000+0 0  9996
2 37748   0.0171  15.8045 0002765  87.3473 153.7719  1.00272636 47443
KAZSAT-2                
1 37749U 11035B   24186.21452803 -.00000198  00000+0  00000+0 0  9997
2 37749   0.0372 160.3940 0001630  20.1293 265.9118  1.00271226 46239
BEIDOU-2 IGSO-4         
1 37763U 11038A   24186.21452803  .00000001  00000+0  00000+0 0  9992
2 37763  54.5619 172.0250 0126256 229.1194 52.24068  1.00255928 47484
ASTRA 1N                
1 37775U 11041A   24186.21452803  .00000121  00000+0  00000+0 0  9998
2 37775   0.0505   4.0424 0004798  70.3996 304.6915  1.00273617 37368
BSAT-3C (JCSAT-110R)    
1 37776U 11041B   24186.21452803 -.00000351  00000+0  00000+0 0  9993
2 37776   0.0097  35.1798 0000196 184.9813 249.7023  1.00270010 43329
PAKSAT-1R               
1 37779U 11042A   24186.21452803  .00000153  00000+0  00000+0 0  9995
2 37779   0.0398 143.2089 0002225 292.5868 322.0792  1.00272352 47135
SES-2                   
1 37809U 11049A   24186.21452803 -.00000196  00000+0  00000+0 0  9997
2 37809   0.0299 309.6905 0002401 157.0764 166.1572  1.00271953 46811
ARABSAT-5C              
1 37810U 11049B   24186.21452803  .00000123  00000+0  00000+0 0  9992
2 37810   0.0481  17.9945 0005169 122.7795 239.1381  1.00271935 46908
EUTELSAT 7 WEST A       
1 37816U 11051A   24186.21452803 -.00000061  00000+0  00000+0 0  9990
2 37816   0.0642  24.1850 0003958 100.3447 228.0848  1.00271633 46748
QUETZSAT 1              
1 37826U 11054A   24186.21452803 -.00000241  00000+0  00000+0 0  9993
2 37826   0.0205 326.1367 0002954 160.2132 156.5859  1.00271893 42728
INTELSAT 18 (IS-18)     
1 37834U 11056A   24186.21452803  .00000053  00000+0  00000+0 0  9990
2 37834   0.0172  68.8595 0001620  42.0939 68.99340  1.00274016 46691
EUTELSAT 16A            
1 37836U 11057A   24186.21452803  .00000103  00000+0  00000+0 0  9996
2 37836   0.0645   7.0751 0005596  96.0279 272.8088  1.00271287   178
VIASAT-1                
1 37843U 11059A   24186.21452803 -.00000023  00000+0  00000+0 0  9994
2 37843   0.0271  27.4480 0002233  76.4415 140.9201  1.00269950 40163
ASIASAT 7               
1 37933U 11069A   24186.21452803 -.00000334  00000+0  00000+0 0  9998
2 37933   0.0386 251.3753 0001155 180.0554 33.97443  1.00270800 46314
BEIDOU-2 IGSO-5         
1 37948U 11073A   24186.21452803 -.00000193  00000+0  00000+0 0  9992
2 37948  48.9792 280.3081 0101564 220.1316 313.9571  1.00289997 45980
LUCH-5A                 
1 37951U 11074B   24186.21452803 -.00000056  00000+0  00000+0 0  9994
2 37951   6.9277  84.7140 0003805  24.4884 57.66665  1.00273678 46030
NIGCOMSAT 1R            
1 38014U 11077A   24186.21452803  .00000144  00000+0  00000+0 0  9991
2 38014   0.0103 266.8142 0001442  46.3033 89.30085  1.00270028 45882
FENGYUN 2F              
1 38049U 12002A   24186.21452803 -.00000364  00000+0  00000+0 0  9990
2 38049   5.6349  72.9728 0001721 126.8105 272.3004  1.00275033 45720
WGS F4 (USA 233)        
1 38070U 12003A   24186.21452803 -.00000216  00000+0  00000+0 0  9999
2 38070   0.0185  45.7345 0000675 229.9499 172.6682  1.00273465 36984
SES-4                   
1 38087U 12007A   24186.21452803 -.00000168  00000+0  00000+0 0  9999
2 38087   0.0242  49.8988 0002554  57.8394 230.1872  1.00271975 45072
BEIDOU-2 G5             
1 38091U 12008A   24186.21452803  .00000053  00000+0  00000+0 0  9991
2 38091   2.1167  71.0174 0004899 264.2326 83.41090  1.00275695 45327
MUOS-1                  
1 38093U 12009A   24186.21452803 -.00000131  00000+0  00000+0 0  9990
2 38093   4.0738  44.8750 0057076   3.1024 211.9716  1.00270894 45309
INTELSAT 22 (IS-22)     
1 38098U 12011A   24186.21452803 -.00000059  00000+0  00000+0 0  9999
2 38098   0.0468  70.3005 0001889  46.9147 314.8167  1.00271296    38
APSTAR-7                
1 38107U 12013A   24186.21452803 -.00000102  00000+0  00000+0 0  9998
2 38107   0.0322  95.8014 0002925  24.0040 316.6224  1.00271685 45022
YAHSAT 1B               
1 38245U 12016A   24186.21452803  .00000127  00000+0  00000+0 0  9990
2 38245   0.0272  84.8457 0003172  34.9023 287.7692  1.00269033 38442
AEHF-2 (USA 235)        
1 38254U 12019A   24186.21452803 -.00000166  00000+0  00000+0 0  9992
2 38254   4.9996  61.6083 0001101  81.4638 122.6819  1.00272226 44525
JCSAT-13                
1 38331U 12023A   24186.21452803 -.00000357  00000+0  00000+0 0  9994
2 38331   0.0176  69.4482 0002144  56.2280 358.2544  1.00272248 44420
VINASAT-2               
1 38332U 12023B   24186.21452803 -.00000329  00000+0  00000+0 0  9995
2 38332   0.0230 325.8635 0002057 137.5821 28.32521  1.00270711 39501
NIMIQ 6                 
1 38342U 12026A   24186.21452803 -.00000173  00000+0  00000+0 0  9994
2 38342   0.0463 281.2658 0002052 174.0960 173.4565  1.00271358 43265
ZHONGXING-2A            
1 38352U 12028A   24186.21452803 -.00000293  00000+0  00000+0 0  9994
2 38352   0.0101 275.9056 0001996 107.0134 75.24596  1.00269442 44220
INTELSAT 19 (IS-19)     
1 38356U 12030A   24186.21452803 -.00000058  00000+0  00000+0 0  9996
2 38356   0.0164  12.7624 0002776  98.3389 54.82705  1.00271102 44368
ECHOSTAR 17             
1 38551U 12035A   24186.21452803 -.00000075  00000+0  00000+0 0  9998
2 38551   0.0184  33.7821 0001997  84.1773 134.8619  1.00271332 43901
METEOSAT-10 (MSG-3)     
1 38552U 12035B   24186.21452803 -.00000010  00000+0  00000+0 0  9992
2 38552   3.0025  61.1216 0000398 281.3533 17.47383  1.00269813 43706
SES-5                   
1 38652U 12036A   24186.21452803  .00000033  00000+0  00000+0 0  9991
2 38652   0.0579 300.7985 0001859 164.5090 259.5999  1.00271760 37338
INTELSAT 20 (IS-20)     
1 38740U 12043A   24186.21452803 -.00000025  00000+0  00000+0 0  9999
2 38740   0.0111  60.0162 0001102 123.5542 244.8575  1.00270797 43598
HYLAS 2                 
1 38741U 12043B   24186.21452803 -.00000263  00000+0  00000+0 0  9993
2 38741   0.5790  90.0643 0000973  50.1980 2.135451  1.00268385 43616
INTELSAT 21 (IS-21)     
1 38749U 12045A   24186.21452803 -.00000286  00000+0  00000+0 0  9991
2 38749   0.0157  66.8954 0001722  54.4351 180.5948  1.00270647 43488
ASTRA 2F                
1 38778U 12051A   24186.21452803  .00000149  00000+0  00000+0 0  9997
2 38778   0.0802 251.9960 0002107 281.6406 214.4599  1.00269316 43143
GSAT-10                 
1 38779U 12051B   24186.21452803 -.00000165  00000+0  00000+0 0  9997
2 38779   0.0377 256.6891 0000692  88.9454 97.29824  1.00270408 42952
INTELSAT 23 (IS-23)     
1 38867U 12057A   24186.21452803 -.00000285  00000+0  00000+0 0  9994
2 38867   0.0497 226.9007 0001167 166.1283 273.8992  1.00270244 42796
BEIDOU-2 G6             
1 38953U 12059A   24186.21452803 -.00000178  00000+0  00000+0 0  9995
2 38953   2.6019  80.4064 0008916 318.6524 44.89034  1.00269347 42758
LUCH-5B                 
1 38977U 12061A   24186.21452803 -.00000145  00000+0  00000+0 0  9995
2 38977   8.9246  56.5623 0004464 102.1880 184.9109  1.00272355 43025
YAMAL 300K              
1 38978U 12061B   24186.21452803  .00000071  00000+0  00000+0 0  9996
2 38978   0.0181 343.0962 0001320 242.3259 317.4634  1.00270383 42475
STAR ONE C3             
1 38991U 12062A   24186.21452803 -.00000249  00000+0  00000+0 0  9990
2 38991   0.0222  73.1827 0001981  60.2608 151.4982  1.00271764 42598
EUTELSAT 21B            
1 38992U 12062B   24186.21452803  .00000129  00000+0  00000+0 0  9994
2 38992   0.0645   0.1535 0003068 102.3712 278.9776  1.00273013 42675
ECHOSTAR 16             
1 39008U 12065A   24186.21452803 -.00000282  00000+0  00000+0 0  9996
2 39008   0.0173  38.6626 0002066  64.1419 195.6177  1.00270635 42471
ZHONGXING-12            
1 39017U 12067A   24186.21452803 -.00000207  00000+0  00000+0 0  9993
2 39017   0.0345  95.8764 0002604  10.9942 340.5427  1.00271865 42561
EUTELSAT 70B            
1 39020U 12069A   24186.21452803 -.00000044  00000+0  00000+0 0  9990
2 39020   0.0602   8.9253 0003466  93.1618 328.3293  1.00271578 42355
YAMAL 402               
1 39022U 12070A   24186.21452803  .00000085  00000+0  00000+0 0  9999
2 39022   0.0187  49.2519 0003349  54.6711 310.9155  1.00273144 42443
SKYNET 5D               
1 39034U 12075A   24186.21452803  .00000099  00000+0  00000+0 0  9994
2 39034   0.0633   1.2044 0003380 110.8868 300.5727  1.00270695 42374
MEXSAT 3                
1 39035U 12075B   24186.21452803 -.00000026  00000+0  00000+0 0  9993
2 39035   0.0143 311.4300 0001203 156.4771 137.2120  1.00271406 42032
TDRS 11                 
1 39070U 13004A   24186.21452803  .00000077  00000+0  00000+0 0  9994
2 39070   2.7531  12.2813 0006790  52.8951 120.6209  1.00263988 39546
AMAZONAS 3              
1 39078U 13006A   24186.21452803 -.00000282  00000+0  00000+0 0  9998
2 39078   0.0524 214.6210 0002928 291.0592 153.2582  1.00271453 37755
AZERSPACE 1             
1 39079U 13006B   24186.21452803  .00000133  00000+0  00000+0 0  9994
2 39079   0.0173   7.6569 0001790 125.0108 273.2354  1.00270639 41657
SBIRS GEO-2 (USA 241)   
1 39120U 13011A   24186.21452803 -.00000260  00000+0  00000+0 0  9998
2 39120   3.0124  47.4896 0001726  54.5613 219.8769  1.00271117 41384
EUTELSAT 117 WEST A     
1 39122U 13012A   24186.21452803 -.00000013  00000+0  00000+0 0  9994
2 39122   0.0107   8.0477 0002550 105.7709 129.3231  1.00273042 41280
ANIK G1                 
1 39127U 13014A   24186.21452803 -.00000073  00000+0  00000+0 0  9998
2 39127   0.0193 300.8196 0001131 180.9140 130.8764  1.00271554 41093
ZHONGXING-11            
1 39157U 13020A   24186.21452803 -.00000290  00000+0  00000+0 0  9990
2 39157   0.0249  31.8097 0001896 290.4455 135.5623  1.00266445 40741
EUTELSAT 7B             
1 39163U 13022A   24186.21452803  .00000048  00000+0  00000+0 0  9994
2 39163   0.0669 348.7323 0003867  50.1946 328.0325  1.00274289 40810
WGS F5 (USA 243)        
1 39168U 13024A   24186.21452803 -.00000284  00000+0  00000+0 0  9995
2 39168   0.0058 106.8888 0000571 155.2524 45.26815  1.00269666 40002
SES-6                   
1 39172U 13026A   24186.21452803 -.00000261  00000+0  00000+0 0  9992
2 39172   0.0193 348.6801 0001984  87.5483 243.1902  1.00270885 40576
IRNSS-1A                
1 39199U 13034A   24186.21452803  .00000042  00000+0  00000+0 0  9999
2 39199  34.1134  74.2088 0017677 181.2947 159.4371  1.00277463 40216
MUOS-2                  
1 39206U 13036A   24186.21452803  .00000061  00000+0  00000+0 0  9995
2 39206   3.6536  40.8116 0051751 176.4852 325.5911  1.00270706 40046
ALPHASAT                
1 39215U 13038A   24186.21452803  .00000132  00000+0  00000+0 0  9992
2 39215   2.8928   7.3366 0001925 123.2092 254.2736  1.00271203 36860
INSAT-3D                
1 39216U 13038B   24186.21452803 -.00000157  00000+0  00000+0 0  9995
2 39216   0.0505 276.4773 0002265 189.1978 336.3846  1.00271120 39922
WGS F6 (USA 244)        
1 39222U 13041A   24186.21452803  .00000089  00000+0  00000+0 0  9992
2 39222   0.0276  43.8033 0000638 242.0533 298.8713  1.00270421 38899
ES'HAIL 1               
1 39233U 13044A   24186.21452803  .00000142  00000+0  00000+0 0  9991
2 39233   0.0469 355.8996 0002346  96.8462 292.6628  1.00268839 39472
GSAT-7                  
1 39234U 13044B   24186.21452803 -.00000077  00000+0  00000+0 0  9999
2 39234   0.0212  74.9718 0005871 194.5145 164.4246  1.00271336 38174
AMOS-4                  
1 39237U 13045A   24186.21452803  .00000006  00000+0  00000+0 0  9996
2 39237   0.0393  78.0052 0001432 351.5628 355.3835  1.00273966 39805
AEHF-3 (USA 246)        
1 39256U 13050A   24186.21452803  .00000130  00000+0  00000+0 0  9997
2 39256   3.5167  72.7491 0046120 178.3979 313.6907  1.00271965 39524
ASTRA 2E                
1 39285U 13056A   24186.21452803  .00000150  00000+0  00000+0 0  9991
2 39285   0.0542 355.2541 0002620  97.7548 295.3885  1.00270125 39272
FM-6                    
1 39360U 13058A   24186.21452803 -.00000017  00000+0  00000+0 0  9991
2 39360   0.0370  59.6563 0000368 302.1530 241.9488  1.00270470 39193
RADUGA-1M 3             
1 39375U 13062A   24186.21452803  .00000150  00000+0  00000+0 0  9991
2 39375   4.1353  81.0871 0003867 228.8270 84.99627  1.00273303 38956
SES-8                   
1 39460U 13071A   24186.21452803 -.00000269  00000+0  00000+0 0  9995
2 39460   0.0221 289.5023 0002540 172.5607 352.8504  1.00270317 37271
INMARSAT 5-F1           
1 39476U 13073A   24186.21452803  .00000027  00000+0  00000+0 0  9991
2 39476   0.0187  30.7737 0000399 158.5808 233.1913  1.00271731 38777
TKSAT-1 (TUPAC KATARI)  
1 39481U 13075A   24186.21452803 -.00000195  00000+0  00000+0 0  9995
2 39481   0.0445 170.6133 0002128 288.1053 174.0208  1.00271870 38692
EXPRESS-AM5             
1 39487U 13077A   24186.21452803 -.00000281  00000+0  00000+0 0  9995
2 39487   0.0172 347.3497 0000661 177.7797 334.8361  1.00270356 39181
GSAT-14                 
1 39498U 14001A   24186.21452803 -.00000076  00000+0  00000+0 0  9991
2 39498   0.0473 254.4999 0002013 355.3730 184.0465  1.00270384 38221
THAICOM 6               
1 39500U 14002A   24186.21452803 -.00000122  00000+0  00000+0 0  9998
2 39500   0.0544 114.5222 0003710  28.1624 295.7315  1.00270434 38377
TDRS 12                 
1 39504U 14004A   24186.21452803 -.00000272  00000+0  00000+0 0  9991
2 39504   3.5541   3.8111 0003514 189.4266 125.6399  1.00278138 37122
ABS-2                   
1 39508U 14006A   24186.21452803 -.00000087  00000+0  00000+0 0  9998
2 39508   0.0271  69.2542 0003244  44.1544 321.4451  1.00271806 38129
ATHENA-FIDUS            
1 39509U 14006B   24186.21452803  .00000153  00000+0  00000+0 0  9992
2 39509   0.0211  93.9505 0000559 353.1133 310.6736  1.00274481 37920
TURKSAT 4A              
1 39522U 14007A   24186.21452803  .00000145  00000+0  00000+0 0  9997
2 39522   0.0753 263.4113 0001148 277.0673 221.4541  1.00274184 37828
EXPRESS-AT1             
1 39612U 14010A   24186.21452803  .00000078  00000+0  00000+0 0  9994
2 39612   0.0156 334.3348 0000133  40.1085 41.47988  1.00270669 37663
EXPRESS-AT2             
1 39613U 14010B   24186.21452803 -.00000282  00000+0  00000+0 0  9996
2 39613   0.0141 312.6467 0000361  38.7699 148.3543  1.00271781 37730
AMAZONAS 4A             
1 39616U 14011A   24186.21452803 -.00000253  00000+0  00000+0 0  9994
2 39616   0.0867 124.4788 0003231 352.1245 169.3155  1.00269210 37716
ASTRA 5B                
1 39617U 14011B   24186.21452803  .00000137  00000+0  00000+0 0  9994
2 39617   0.0772 304.1935 0001927 176.7741 262.4689  1.00273339 37512
IRNSS-1B                
1 39635U 14017A   24186.21452803  .00000126  00000+0  00000+0 0  9997
2 39635  28.9513 252.5454 0022845 187.0388 335.5466  1.00276234 37640
LUCH-5V                 
1 39727U 14023A   24186.21452803 -.00000272  00000+0  00000+0 0  9995
2 39727   3.3380  75.9472 0002214  84.5410 294.1679  1.00270150 37200
KAZSAT-3                
1 39728U 14023B   24186.21452803  .00000060  00000+0  00000+0 0  9998
2 39728   0.0262  88.1471 0000277 153.9838 176.2947  1.00272964 35298
EUTELSAT 3B             
1 39773U 14030A   24186.21452803  .00000019  00000+0  00000+0 0  9998
2 39773   0.0596   9.4876 0003444 119.9276 233.5891  1.00271427 36919
ASIASAT 8 (AMOS-7)      
1 40107U 14046A   24186.21452803 -.00000034  00000+0  00000+0 0  9997
2 40107   0.0189  46.2288 0001681  61.8047 248.0052  1.00270959 94997
ASIASAT 6               
1 40141U 14052A   24186.21452803 -.00000363  00000+0  00000+0 0  9995
2 40141   0.0226  31.9321 0000704 109.5843 338.3264  1.00268469 35917
OPTUS 10                
1 40146U 14054A   24186.21452803 -.00000148  00000+0  00000+0 0  9994
2 40146   0.0520 155.4432 0003459 330.4741 30.01942  1.00270866 35973
MEASAT-3B               
1 40147U 14054B   24186.21452803 -.00000243  00000+0  00000+0 0  9995
2 40147   0.0260  14.1159 0002665  82.3673 354.9699  1.00272834 35764
LUCH (OLYMP-K 1)        
1 40258U 14058A   24186.21452803 -.00000142  00000+0  00000+0 0  9999
2 40258   0.1362  96.2713 0002255 281.9367 323.6254  1.00271073 33843
HIMAWARI-8              
1 40267U 14060A   24186.21452803 -.00000276  00000+0  00000+0 0  9995
2 40267   0.0065 249.2686 0001119 250.1653 1.163755  1.00271852 35604
IRNSS-1C                
1 40269U 14061A   24186.21452803 -.00000167  00000+0  00000+0 0  9995
2 40269   4.7113 104.3362 0021900   6.7010 331.8871  1.00273963 35539
INTELSAT 30 (IS-30)     
1 40271U 14062A   24186.21452803 -.00000152  00000+0  00000+0 0  9999
2 40271   0.0100  12.5925 0001820 329.8935 282.3775  1.00270309 35614
ARSAT 1                 
1 40272U 14062B   24186.21452803 -.00000260  00000+0  00000+0 0  9993
2 40272   0.0141  23.6644 0001365  76.3649 188.0839  1.00270944 35462
EXPRESS-AM6             
1 40277U 14064A   24186.21452803  .00000097  00000+0  00000+0 0  9990
2 40277   0.0256  26.1982 0001117 113.9476 272.7943  1.00269842 34424
GSAT-16                 
1 40332U 14078A   24186.21452803  .00000084  00000+0  00000+0 0  9995
2 40332   0.0931  97.6051 0007241 355.9984 321.3968  1.00273117 34958
DIRECTV 14              
1 40333U 14078B   24186.21452803 -.00000125  00000+0  00000+0 0  9996
2 40333   0.0162 359.5676 0000139 268.3946 352.7310  1.00272782 34908
YAMAL 401               
1 40345U 14082A   24186.21452803 -.00000228  00000+0  00000+0 0  9991
2 40345   0.0160 339.1068 0000317 299.6100 171.1428  1.00267283 34768
ASTRA 2G                
1 40364U 14089A   24186.21452803  .00000150  00000+0  00000+0 0  9994
2 40364   0.0471 336.3646 0004134 104.9032 306.8532  1.00274231 34814
FENGYUN 2G              
1 40367U 14090A   24186.21452803 -.00000304  00000+0  00000+0 0  9995
2 40367   3.8329  81.3547 0003390 117.3314 260.6751  1.00262930 34840
MUOS-3                  
1 40374U 15002A   24186.21452803 -.00000132  00000+0  00000+0 0  9995
2 40374   3.2665  35.5715 0055560 175.7486 133.0969  1.00270187 34665
INMARSAT 5-F2           
1 40384U 15005A   24186.21452803 -.00000285  00000+0  00000+0 0  9999
2 40384   0.0290  37.9207 0000416 244.2542 22.74403  1.00267751 33837
ABS-3A                  
1 40424U 15010A   24186.21452803 -.00000027  00000+0  00000+0 0  9996
2 40424   0.0380  71.1314 0001605 301.7983 344.0012  1.00268622 34226
EUTELSAT 115 WEST B     
1 40425U 15010B   24186.21452803 -.00000025  00000+0  00000+0 0  9993
2 40425   0.0201 184.8123 0000364 260.5228 159.6901  1.00272499 34238
EXPRESS-AM7             
1 40505U 15012A   24186.21452803  .00000150  00000+0  00000+0 0  9992
2 40505   0.0165  36.4335 0002710  66.3944 297.0742  1.00271390 34211
IRNSS-1D                
1 40547U 15018A   24186.21452803 -.00000263  00000+0  00000+0 0  9990
2 40547  27.4527 252.4244 0021786 193.5368 25.67275  1.00281293 33836
BEIDOU-3S IGSO-1S       
1 40549U 15019A   24186.21452803 -.00000187  00000+0  00000+0 0  9992
2 40549  50.5413 303.9955 0035724 193.1904 314.0650  1.00301231 33929
THOR 7                  
1 40613U 15022A   24186.21452803 -.00000008  00000+0  00000+0 0  9998
2 40613   0.0285 261.6703 0002236 202.5820 255.0220  1.00273479 33663
TURKMENALEM52E/MONACOSAT
1 40617U 15023A   24186.21452803  .00000103  00000+0  00000+0 0  9992
2 40617   0.0281  84.4343 0001784  34.0021 293.4843  1.00271399 33693
DIRECTV 15              
1 40663U 15026A   24186.21452803 -.00000103  00000+0  00000+0 0  9992
2 40663   0.0327  81.6797 0000317 129.6406 45.73859  1.00269413 33381
SKY MEXICO-1            
1 40664U 15026B   24186.21452803 -.00000234  00000+0  00000+0 0  9994
2 40664   0.0211 304.5612 0001867 164.1715 172.4187  1.00269782 33302
METEOSAT-11 (MSG-4)     
1 40732U 15034A   24186.21452803  .00000059  00000+0  00000+0 0  9998
2 40732   1.4253  69.4878 0000993 164.3724 135.3456  1.00268070 32861
STAR ONE C4             
1 40733U 15034B   24186.21452803 -.00000265  00000+0  00000+0 0  9995
2 40733   0.0428 309.5502 0001560 125.0058 215.3775  1.00271899 32868
WGS F7 (USA 263)        
1 40746U 15036A   24186.21452803  .00000017  00000+0  00000+0 0  9990
2 40746   0.0448  60.7105 0000159  60.2209 53.98167  1.00272330 32716
INTELSAT 34 (IS-34)     
1 40874U 15039A   24186.21452803 -.00000285  00000+0  00000+0 0  9991
2 40874   0.0212 359.6712 0000868 350.6032 314.1694  1.00270491 32474
EUTELSAT 8 WEST B       
1 40875U 15039B   24186.21452803 -.00000066  00000+0  00000+0 0  9997
2 40875   0.0629   9.5832 0003597  87.4892 254.8487  1.00271675 32497
GSAT-6                  
1 40880U 15041A   24186.21452803 -.00000161  00000+0  00000+0 0  9997
2 40880   0.0747 100.6338 0003163  14.6835 327.1734  1.00270669 32443
INMARSAT 5-F3           
1 40882U 15042A   24186.21452803  .00000050  00000+0  00000+0 0  9992
2 40882   0.0040  98.2075 0000372 110.3455 330.9340  1.00270059 32402
MUOS-4                  
1 40887U 15044A   24186.21452803 -.00000096  00000+0  00000+0 0  9995
2 40887   3.1289  32.5776 0056489   2.6901 39.70912  1.00271287 32406
TJS-1                   
1 40892U 15046A   24186.21452803 -.00000154  00000+0  00000+0 0  9991
2 40892   0.0616  84.9615 0002666  31.6783 38.27927  1.00270625 32396
EXPRESS-AM8             
1 40895U 15048A   24186.21452803 -.00000112  00000+0  00000+0 0  9991
2 40895   0.0150 305.7781 0000357  29.1529 10.99673  1.00271130 32199
BEIDOU-3S IGSO-2S       
1 40938U 15053A   24186.21452803 -.00000123  00000+0  00000+0 0  9992
2 40938  50.3299 267.2130 0053466 190.5562 356.7672  1.00258559 32194
SKY MUSTER 1 (NBN1A)    
1 40940U 15054A   24186.21452803 -.00000279  00000+0  00000+0 0  9990
2 40940   0.0214   3.7486 0001589 100.2587 36.16199  1.00269160 32104
ARSAT 2                 
1 40941U 15054B   24186.21452803 -.00000225  00000+0  00000+0 0  9999
2 40941   0.0156  33.6719 0001904  58.0990 187.1501  1.00271163 32169
MORELOS 3               
1 40946U 15056A   24186.21452803 -.00000041  00000+0  00000+0 0  9994
2 40946   3.0174 352.7571 0001220 175.7734 78.31698  1.00270771 32130
APSTAR-9                
1 40982U 15059A   24186.21452803 -.00000266  00000+0  00000+0 0  9998
2 40982   0.0154 316.0119 0002374 230.7217 315.2083  1.00272081 32003
TURKSAT 4B              
1 40984U 15060A   24186.21452803  .00000114  00000+0  00000+0 0  9992
2 40984   0.0214  69.1591 0003269  31.7348 309.0290  1.00275055 31945
ZHONGXING-2C            
1 41021U 15063A   24186.21452803 -.00000325  00000+0  00000+0 0  9999
2 41021   0.0397 206.0975 0004369 243.7323 13.76170  1.00264115 31867
GSAT-15                 
1 41028U 15065A   24186.21452803 -.00000258  00000+0  00000+0 0  9996
2 41028   0.0185  52.1924 0003217  42.4079 358.8198  1.00269015 31655
BADR-7 (ARABSAT-6B)     
1 41029U 15065B   24186.21452803  .00000144  00000+0  00000+0 0  9993
2 41029   0.0568 222.7482 0003976 348.0729 175.1161  1.00268419 31767
LAOSAT 1                
1 41034U 15067A   24186.21452803 -.00000343  00000+0  00000+0 0  9997
2 41034   0.0503 218.0395 0002659 199.6359 70.73876  1.00274058 31702
TELSTAR 12V             
1 41036U 15068A   24186.21452803 -.00000119  00000+0  00000+0 0  9992
2 41036   0.0043  95.6949 0002111   3.1345 246.0967  1.00271317 31476
ELEKTRO-L 2             
1 41105U 15074A   24186.21452803 -.00000122  00000+0  00000+0 0  9994
2 41105   4.8844  79.2756 0001228 150.0872 116.0699  1.00270592 31360
COSMOS 2513             
1 41121U 15075A   24186.21452803 -.00000138  00000+0  00000+0 0  9993
2 41121   0.0708 107.0792 0002896 328.5026 4.595710  1.00269642 31453
EXPRESS-AMU1            
1 41191U 15082A   24186.21452803  .00000155  00000+0  00000+0 0  9999
2 41191   0.0162 340.8958 0002494 135.4172 279.7381  1.00275059 31118
GAOFEN-4                
1 41194U 15083A   24186.21452803 -.00000335  00000+0  00000+0 0  9997
2 41194   0.0895 254.9554 0001249 199.9842 10.65838  1.00270825 31371
BELINTERSAT-1           
1 41238U 16001A   24186.21452803  .00000106  00000+0  00000+0 0  9992
2 41238   0.0533 264.3168 0001391 150.0345 357.0598  1.00272656 31089
IRNSS-1E                
1 41241U 16003A   24186.21452803 -.00000328  00000+0  00000+0 0  9991
2 41241  31.6680  73.2323 0018781 180.4951 217.8672  1.00267341 30921
EUTELSAT 9B             
1 41310U 16005A   24186.21452803  .00000061  00000+0  00000+0 0  9990
2 41310   0.0418  62.9090 0001049  62.4856 243.5057  1.00271342 30964
SES-9                   
1 41380U 16013A   24186.21452803 -.00000346  00000+0  00000+0 0  9990
2 41380   0.0348 295.9167 0002088 157.7876 14.51753  1.00271550 30287
EUTELSAT 65 WEST A      
1 41382U 16014A   24186.21452803 -.00000275  00000+0  00000+0 0  9992
2 41382   0.0627 323.8685 0001791 134.6212 196.2054  1.00269174 30382
IRNSS-1F                
1 41384U 16015A   24186.21452803  .00000155  00000+0  00000+0 0  9990
2 41384   3.6089 117.1499 0017992 183.2680 91.93471  1.00271012 30517
BEIDOU-2 IGSO-6         
1 41434U 16021A   24186.21452803 -.00000173  00000+0  00000+0 0  9998
2 41434  59.1993  45.1911 0047691 222.1066 188.0435  1.00267824 30319
IRNSS-1G                
1 41469U 16027A   24186.21452803 -.00000338  00000+0  00000+0 0  9990
2 41469   3.4793 118.3773 0006796 338.3428 32.67136  1.00275856 30029
JCSAT-2B                
1 41471U 16028A   24186.21452803 -.00000166  00000+0  00000+0 0  9998
2 41471   0.0047  86.9549 0000764  25.5015 41.47414  1.00270437 29963
THAICOM 8               
1 41552U 16031A   24186.21452803 -.00000122  00000+0  00000+0 0  9992
2 41552   0.0538  30.9173 0002059  44.8607 2.655017  1.00271270 29636
INTELSAT 31 (IS-31)     
1 41581U 16035A   24186.21452803 -.00000149  00000+0  00000+0 0  9990
2 41581   0.0147  79.4502 0000921 100.4326 84.99429  1.00272457 29526
BEIDOU-2 G7             
1 41586U 16037A   24186.21452803 -.00000355  00000+0  00000+0 0  9999
2 41586   1.9467  69.8659 0008562   8.1246 32.36783  1.00265867 29631
ABS-2A (MONGOLSAT-1)    
1 41588U 16038A   24186.21452803 -.00000084  00000+0  00000+0 0  9999
2 41588   0.0160  42.0878 0001454  13.9218 18.61747  1.00268571 29556
EUTELSAT 117 WEST B     
1 41589U 16038B   24186.21452803 -.00000012  00000+0  00000+0 0  9994
2 41589   0.0086 165.9445 0000312 277.6298 159.3618  1.00272556 29521
BRISAT                  
1 41591U 16039A   24186.21452803 -.00000197  00000+0  00000+0 0  9998
2 41591   0.0205  13.7419 0001877  89.4756 47.21545  1.00269739 29450
ECHOSTAR 18             
1 41592U 16039B   24186.21452803 -.00000282  00000+0  00000+0 0  9990
2 41592   0.0047  86.4480 0001238  18.7244 193.3967  1.00270662 29472
MUOS-5                  
1 41622U 16041A   24186.21452803 -.00000145  00000+0  00000+0 0  9992
2 41622   3.8393 296.8974 0196274 252.1622 65.80198  1.00271648 29913
TIANTONG-1 1            
1 41725U 16048A   24186.21452803 -.00000321  00000+0  00000+0 0  9994
2 41725   2.6553  30.1682 0002631  29.4179 41.75140  1.00271286 29116
JCSAT-16                
1 41729U 16050A   24186.21452803 -.00000252  00000+0  00000+0 0  9996
2 41729   0.0178  20.8413 0001725  80.6012 42.42523  1.00271809 28913
USA 270                 
1 41744U 16052A   24186.21452803 -.00000360  00000+0  00000+0 0  9991
2 41744   2.3555  86.3447 0000916 190.3052 202.9637  1.00129869 20960
USA 271                 
1 41745U 16052B   24186.21452803  .00000108  00000+0  00000+0 0  9993
2 41745   2.3307  86.3717 0000991  89.3017 26.16324  0.99807590 20759
INTELSAT 36 (IS-36)     
1 41747U 16053A   24186.21452803 -.00000025  00000+0  00000+0 0  9999
2 41747   0.0118  25.2680 0002372 335.5510 67.60015  1.00271056 28795
INTELSAT 33E (IS-33E)   
1 41748U 16053B   24186.21452803  .00000048  00000+0  00000+0 0  9996
2 41748   0.0172   7.1544 0001478  84.3538 328.4053  1.00270910 29077
INSAT-3DR               
1 41752U 16054A   24186.21452803 -.00000078  00000+0  00000+0 0  9999
2 41752   0.0521  91.1600 0010553 175.2850 167.4790  1.00270972 28666
GSAT-18                 
1 41793U 16060A   24186.21452803 -.00000077  00000+0  00000+0 0  9993
2 41793   0.0228  17.6237 0002182  99.7883 316.4969  1.00270768 28379
SKY MUSTER 2 (NBN1B)    
1 41794U 16060B   24186.21452803 -.00000245  00000+0  00000+0 0  9993
2 41794   0.0176  38.3195 0001451  63.0893 43.32397  1.00272524 28426
HIMAWARI-9              
1 41836U 16064A   24186.21452803 -.00000276  00000+0  00000+0 0  9990
2 41836   0.0137 265.4021 0000724 227.7154 7.558212  1.00270130 28158
SHIJIAN-17 (SJ-17)      
1 41838U 16065A   24186.21452803 -.00000052  00000+0  00000+0 0  9996
2 41838   3.9301  81.2258 0003976   0.6547 85.22423  1.00271079 28053
GOES 16                 
1 41866U 16071A   24186.21452803 -.00000249  00000+0  00000+0 0  9990
2 41866   0.0788 250.2163 0000045 237.1702 157.3402  1.00271131 27943
TIANLIAN 1-04           
1 41869U 16072A   24186.21452803  .00000030  00000+0  00000+0 0  9991
2 41869   0.1446 266.1544 0035357 245.6346 24.92151  1.00271451 28165
WGS F8 (USA 272)        
1 41879U 16075A   24186.21452803 -.00000204  00000+0  00000+0 0  9998
2 41879   0.0132   8.4098 0000130 163.5639 337.7291  1.00270414 27665
FENGYUN 4A              
1 41882U 16077A   24186.21452803 -.00000201  00000+0  00000+0 0  9991
2 41882   0.5003  85.9125 0007917 344.2511 16.55414  1.00267362 27776
ECHOSTAR 19             
1 41893U 16079A   24186.21452803 -.00000138  00000+0  00000+0 0  9992
2 41893   0.0180  34.1061 0001213  83.1361 145.5736  1.00271856 27553
JCSAT-110A (JCSAT-15)   
1 41903U 16082A   24186.21452803 -.00000352  00000+0  00000+0 0  9990
2 41903   0.0039  91.9531 0000432  42.7930 335.2406  1.00271769 27639
STAR ONE D1             
1 41904U 16082B   24186.21452803 -.00000211  00000+0  00000+0 0  9997
2 41904   0.0371  61.6267 0002120  45.0222 169.3055  1.00266139 27632
TJS-2                   
1 41911U 17001A   24186.21452803 -.00000006  00000+0  00000+0 0  9997
2 41911   0.1663 267.6010 0001442 179.4673 339.2918  1.00271279 27575
SBIRS GEO-4 (USA 273)   
1 41937U 17004A   24186.21452803 -.00000146  00000+0  00000+0 0  9991
2 41937   1.4154   0.2786 0001647 105.5064 157.3340  1.00271096 27448
HISPASAT 36W-1          
1 41942U 17006A   24186.21452803 -.00000244  00000+0  00000+0 0  9998
2 41942   0.0103 328.6146 0001037 131.2106 224.0988  1.00271231 27065
TELKOM 3S               
1 41944U 17007A   24186.21452803 -.00000364  00000+0  00000+0 0  9995
2 41944   0.0296  38.6671 0002027  74.8057 4.458915  1.00268154 27064
INTELSAT 32E (IS-32E)   
1 41945U 17007B   24186.21452803 -.00000270  00000+0  00000+0 0  9994
2 41945   0.0138  62.4858 0000422 257.3213 356.9328  1.00269220 27098
ECHOSTAR 23             
1 42070U 17014A   24186.21452803 -.00000057  00000+0  00000+0 0  9990
2 42070   0.0183  19.8470 0001956  80.2293 149.9411  1.00270862 26795
WGS F9 (USA 275)        
1 42075U 17016A   24186.21452803 -.00000098  00000+0  00000+0 0  9996
2 42075   0.0103 351.3726 0000458 233.4813 123.0330  1.00271219 26779
SES-10                  
1 42432U 17017A   24186.21452803 -.00000273  00000+0  00000+0 0  9993
2 42432   0.0205  48.1307 0002258  55.1304 189.7491  1.00269150 26592
CHINASAT 16 (SJ-13)     
1 42662U 17018A   24186.21452803 -.00000353  00000+0  00000+0 0  9997
2 42662   0.0567  92.8185 0003548 144.2371 233.3674  1.00266419 26572
KOREASAT 7              
1 42691U 17023A   24186.21452803 -.00000362  00000+0  00000+0 0  9992
2 42691   0.0244 356.9325 0000220 101.0875 17.80292  1.00272487 26228
SGDC                    
1 42692U 17023B   24186.21452803 -.00000249  00000+0  00000+0 0  9995
2 42692   0.0148  11.0139 0002042 101.2406 172.8173  1.00271666 26255
GSAT-9                  
1 42695U 17024A   24186.21452803 -.00000287  00000+0  00000+0 0  9990
2 42695   0.0240  94.8322 0002513   1.5882 0.836000  1.00273269 26158
INMARSAT 5-F4           
1 42698U 17025A   24186.21452803  .00000075  00000+0  00000+0 0  9991
2 42698   0.0289  36.8936 0000170 218.9075 160.6270  1.00270750 26106
SES-15                  
1 42709U 17026A   24186.21452803  .00000060  00000+0  00000+0 0  9996
2 42709   0.0202  30.7030 0000106  99.4630 100.6093  1.00269245   283
QZS-2 (MICHIBIKI-2)     
1 42738U 17028A   24186.21452803 -.00000147  00000+0  00000+0 0  9997
2 42738  40.5466 253.5269 0758169 269.4038 338.5334  1.00280066 25976
VIASAT-2                
1 42740U 17029A   24186.21452803 -.00000264  00000+0  00000+0 0  9996
2 42740   0.0131  63.2457 0000141 198.7036 28.05589  1.00270995 26038
EUTELSAT 172B           
1 42741U 17029B   24186.21452803 -.00000007  00000+0  00000+0 0  9996
2 42741   0.0151  66.7848 0000166 219.3913 245.7606  1.00270396 26563
GSAT-19                 
1 42747U 17031A   24186.21452803  .00000125  00000+0  00000+0 0  9990
2 42747   0.0416  89.8576 0006238 350.0937 327.8487  1.00271812 25980
ECHOSTAR 21             
1 42749U 17032A   24186.21452803  .00000070  00000+0  00000+0 0  9994
2 42749   2.5049 320.4710 0002046 143.6106 266.1275  1.00273801 25951
BULGARIASAT-1           
1 42801U 17038A   24186.21452803  .00000010  00000+0  00000+0 0  9991
2 42801   0.0618  87.5244 0002634  17.1547 257.1583  1.00272870 25764
HELLAS-SAT 3            
1 42814U 17040A   24186.21452803  .00000151  00000+0  00000+0 0  9992
2 42814   0.0651  32.3543 0003661  25.8281 340.7260  1.00272421 25715
GSAT-17                 
1 42815U 17040B   24186.21452803 -.00000258  00000+0  00000+0 0  9995
2 42815   0.0586 101.9423 0001734 161.7201 189.7371  1.00270072 25728
INTELSAT 35E (IS-35E)   
1 42818U 17041A   24186.21452803 -.00000238  00000+0  00000+0 0  9998
2 42818   0.0149 328.9704 0001002 126.8717 229.5890  1.00272373 25667
COSMOS 2520             
1 42907U 17046A   24186.21452803  .00000137  00000+0  00000+0 0  9996
2 42907   0.0364  96.6066 0000405 338.7238 329.5961  1.00270731 25244
TDRS 13                 
1 42915U 17047A   24186.21452803 -.00000097  00000+0  00000+0 0  9995
2 42915   3.6264 345.0051 0017519 117.7853 245.6833  1.00271894 25190
QZS-3 (MICHIBIKI-3)     
1 42917U 17048A   24186.21452803 -.00000348  00000+0  00000+0 0  9994
2 42917   0.0737 218.2589 0001940 250.3667 18.29157  1.00275711 25103
AMAZONAS 5              
1 42934U 17053A   24186.21452803 -.00000279  00000+0  00000+0 0  9994
2 42934   0.0366  40.3555 0004889  35.4242 223.0621  1.00269263 24842
ASIASAT 9               
1 42942U 17057A   24186.21452803 -.00000361  00000+0  00000+0 0  9990
2 42942   0.0485  68.3737 0002383  21.6541 32.05633  1.00263876 24700
INTELSAT 37E (IS-37E)   
1 42950U 17059A   24186.21452803 -.00000141  00000+0  00000+0 0  9993
2 42950   0.0296  40.6482 0002587  93.2782 207.9912  1.00269212 24910
BSAT-4A                 
1 42951U 17059B   24186.21452803 -.00000351  00000+0  00000+0 0  9998
2 42951   0.0767  67.8107 0003464   5.0770 36.88135  1.00271182 24808
QZS-4 (MICHIBIKI-4)     
1 42965U 17062A   24186.21452803 -.00000324  00000+0  00000+0 0  9993
2 42965  40.5115 352.6916 0746082 271.6310 230.5657  1.00249876 24566
SES-11 (ECHOSTAR 105)   
1 42967U 17063A   24186.21452803 -.00000089  00000+0  00000+0 0  9994
2 42967   0.0099   9.0447 0002071  85.1933 160.7351  1.00271731 24561
KOREASAT 5A             
1 42984U 17067A   24186.21452803 -.00000359  00000+0  00000+0 0  9998
2 42984   0.0122  10.2453 0001054  70.1564 32.67083  1.00270244 24378
ALCOMSAT 1              
1 43039U 17078A   24186.21452803 -.00000186  00000+0  00000+0 0  9990
2 43039   0.0518 205.8404 0001440 272.4688 216.8071  1.00271910 24143
SBIRS GEO-3 (USA 282)   
1 43162U 18009A   24186.21452803  .00000130  00000+0  00000+0 0  9994
2 43162   2.3404 336.3723 0001415 135.2813 88.87633  1.00272077 23689
AL YAH 3                
1 43174U 18012A   24186.21452803 -.00000153  00000+0  00000+0 0  9993
2 43174   0.0745 268.3909 0001719 209.1192 222.3048  1.00272901 23687
SES-14                  
1 43175U 18012B   24186.21452803 -.00000279  00000+0  00000+0 0  9992
2 43175   0.0112   6.8372 0000836 102.8693 202.7109  1.00270402 23893
GOES 17                 
1 43226U 18022A   24186.21452803 -.00000090  00000+0  00000+0 0  9995
2 43226   0.0116  77.2347 0000859  78.0970 99.87862  1.00271553 23269
HISPASAT 30W-6          
1 43228U 18023A   24186.21452803 -.00000215  00000+0  00000+0 0  9995
2 43228   0.0474  49.0068 0005152  30.3117 250.6130  1.00270353 23252
SUPERBIRD-B3            
1 43271U 18033A   24186.21452803 -.00000094  00000+0  00000+0 0  9997
2 43271   0.0254  23.7182 0001002  85.8259 52.38548  1.00270231 22899
HYLAS 4                 
1 43272U 18033B   24186.21452803 -.00000233  00000+0  00000+0 0  9995
2 43272   0.0745 267.9317 0000611 230.9370 187.5597  1.00271014 22913
IRNSS-1I                
1 43286U 18035A   24186.21452803  .00000076  00000+0  00000+0 0  9998
2 43286  29.1353  85.4478 0018734 178.1320 151.5446  1.00278206 22861
USA 283                 
1 43339U 18036A   24186.21452803 -.00000313  00000+0  00000+0 0  9997
2 43339   0.0110 111.2886 0000138 102.4144 280.1946  1.00269846   177
COSMOS 2526             
1 43432U 18037A   24186.21452803 -.00000345  00000+0  00000+0 0  9998
2 43432   0.0367  95.9433 0000666  52.1807 339.8550  1.00272066 22813
APSTAR-6C               
1 43450U 18041A   24186.21452803 -.00000318  00000+0  00000+0 0  9997
2 43450   0.0261  36.5712 0002084 268.3424 189.0072  1.00269225 22660
BANGABANDHUSAT-1        
1 43463U 18044A   24186.21452803 -.00000363  00000+0  00000+0 0  9999
2 43463   0.0207  92.4681 0001286  10.7830 15.76784  1.00269991 22552
SES-12                  
1 43488U 18049A   24186.21452803 -.00000270  00000+0  00000+0 0  9994
2 43488   0.0121  19.6401 0000800 259.7109 175.5782  1.00270569 22267
FENGYUN 2H              
1 43491U 18050A   24186.21452803 -.00000128  00000+0  00000+0 0  9993
2 43491   1.1859  87.1773 0001545  53.2268 298.5963  1.00267811 22283
BEIDOU-2 IGSO-7         
1 43539U 18057A   24186.21452803 -.00000074  00000+0  00000+0 0  9994
2 43539  55.1456 169.2223 0075668 233.7046 66.16627  1.00247927 21974
TELSTAR 19V             
1 43562U 18059A   24186.21452803 -.00000279  00000+0  00000+0 0  9996
2 43562   0.0331 155.6518 0002760 329.3633 171.9011  1.00271005 21981
TELKOM 4 (MERAH PUTIH)  
1 43587U 18064A   24186.21452803 -.00000345  00000+0  00000+0 0  9994
2 43587   0.0048  89.4629 0001010  47.4327 331.0255  1.00269985 21715
TELSTAR 18V             
1 43611U 18069A   24186.21452803 -.00000295  00000+0  00000+0 0  9998
2 43611   0.0296  36.8908 0001878  67.4610 33.58359  1.00268829 21471
AZERSPACE 2 (IS-38)     
1 43632U 18074A   24186.21452803  .00000136  00000+0  00000+0 0  9997
2 43632   0.0175  37.6818 0001179  77.2863 290.0763  1.00271861 21290
HORIZONS-3E             
1 43633U 18074B   24186.21452803 -.00000031  00000+0  00000+0 0  9994
2 43633   0.0698 215.5043 0001040  59.4142 254.0088  1.00269547 21182
AEHF-4 (USA 288)        
1 43651U 18079A   24186.21452803 -.00000273  00000+0  00000+0 0  9994
2 43651   1.6484 334.4948 0047683  10.3748 307.3450  1.00265087 21132
BEIDOU-3 G1             
1 43683U 18085A   24186.21452803 -.00000282  00000+0  00000+0 0  9993
2 43683   2.2334 108.9425 0003674   1.2165 29.7513  1.00267681 20903
GSAT-29                 
1 43698U 18089A   24186.21452803  .00000086  00000+0  00000+0 0  9991
2 43698   0.0202  30.6082 0002452  58.3997 325.9688  1.00271204 20624
ES'HAIL 2               
1 43700U 18090A   24186.21452803  .00000144  00000+0  00000+0 0  9997
2 43700   0.0124  60.2833 0001870  87.1528 238.2755  1.00272094 20527
GEO-KOMPSAT-2A          
1 43823U 18100A   24186.21452803 -.00000344  00000+0  00000+0 0  9996
2 43823   0.0428 166.4488 0002215 289.2432 32.49210  1.00270659 20473
GSAT-11                 
1 43824U 18100B   24186.21452803 -.00000077  00000+0  00000+0 0  9994
2 43824   0.0681 261.9626 0007449 189.7449 342.2017  1.00271058 20328
GSAT-7A                 
1 43864U 18105A   24186.21452803  .00000025  00000+0  00000+0 0  9992
2 43864   0.0667 105.2036 0001754 352.5601 324.9371  1.00272450 20307
COSMOS 2533             
1 43867U 18107A   24186.21452803 -.00000038  00000+0  00000+0 0  9996
2 43867   0.0441 102.9839 0000523  28.3200 298.6029  1.00270698 20269
TJS-3                   
1 43874U 18110A   24186.21452803  .00000000  00000+0  00000+0 0  9994
2 43874   0.6972  88.7896 0001960  84.4008 359.7172  1.00269069 20264
ZHONGXING-2D            
1 43920U 19001A   24186.21452803 -.00000338  00000+0  00000+0 0  9997
2 43920   0.0604 232.2550 0002297  31.5339 226.1033  1.00268918 20202
HELLAS-SAT 4 & SGS-1    
1 44034U 19007A   24186.21452803  .00000152  00000+0  00000+0 0  9999
2 44034   0.0688 126.2786 0005549  18.6732 254.0025  1.00269623 20190
GSAT-31                 
1 44035U 19007B   24186.21452803  .00000125  00000+0  00000+0 0  9995
2 44035   0.0201  40.7882 0001227 209.0483 157.9765  1.00271311 19817
NUSANTARA SATU          
1 44048U 19009A   24186.21452803 -.00000235  00000+0  00000+0 0  9993
2 44048   0.0358 125.0641 0004428 359.3098 21.55337  1.00269529 19612
ZHONGXING-6C            
1 44067U 19012A   24186.21452803 -.00000336  00000+0  00000+0 0  9999
2 44067   0.0437 104.4968 0004770 296.9058 88.94208  1.00270279 19584
WGS 10 (USA 291)        
1 44071U 19014A   24186.21452803  .00000046  00000+0  00000+0 0  9994
2 44071   0.0181  45.6510 0000357 236.0797 138.4947  1.00271514 19471
TIANLIAN 2-01           
1 44076U 19017A   24186.21452803 -.00000108  00000+0  00000+0 0  9991
2 44076   0.0752 258.6198 0002230 169.6063 8.784338  1.00271300 19493
ARABSAT-6A              
1 44186U 19021A   24186.21452803  .00000154  00000+0  00000+0 0  9996
2 44186   0.0480 347.4853 0003371 185.1102 217.6960  1.00261323 18998
BEIDOU-3 IGSO-1         
1 44204U 19023A   24186.21452803 -.00000229  00000+0  00000+0 0  9998
2 44204  57.6666  45.0492 0022229 205.9865 226.1470  1.00296243    58
BEIDOU-2 G8             
1 44231U 19027A   24186.21452803 -.00000249  00000+0  00000+0 0  9999
2 44231   1.5174  73.8273 0001573 199.6900 230.9063  1.00274839 18923
YAMAL 601               
1 44307U 19031A   24186.21452803  .00000119  00000+0  00000+0 0  9999
2 44307   0.0238  45.3746 0002257  59.4594 304.1073  1.00272409 18760
AT&T T-16               
1 44333U 19034A   24186.21452803 -.00000115  00000+0  00000+0 0  9995
2 44333   0.0181 350.8571 0000973 273.4479 354.7497  1.00269621 18489
EUTELSAT 7C             
1 44334U 19034B   24186.21452803  .00000050  00000+0  00000+0 0  9995
2 44334   0.0775 187.7983 0003092 258.6230 280.4904  1.00270770 18956
BEIDOU-3 IGSO-2         
1 44337U 19035A   24186.21452803 -.00000093  00000+0  00000+0 0  9992
2 44337  55.1824 165.1217 0035446 205.3567 106.7474  1.00292116 18546
COSMOS 2539             
1 44457U 19048A   24186.21452803  .00000080  00000+0  00000+0 0  9995
2 44457   0.0384  98.3345 0000393  80.6247 192.9585  1.00272041 18070
EDRS-C                  
1 44475U 19049A   24186.21452803  .00000155  00000+0  00000+0 0  9991
2 44475   0.0749 246.7460 0000708 194.9105 309.4447  1.00271079 18059
INTELSAT 39 (IS-39)     
1 44476U 19049B   24186.21452803  .00000033  00000+0  00000+0 0  9999
2 44476   0.0134 345.4624 0000974 351.2215 85.18670  1.00271254 17989
AMOS-17                 
1 44479U 19050A   24186.21452803  .00000109  00000+0  00000+0 0  9991
2 44479   0.0040  97.3815 0001742  42.5077 237.0420  1.00274352 18030
AEHF-5 (USA 292)        
1 44481U 19051A   24186.21452803  .00000087  00000+0  00000+0 0  9991
2 44481   2.6783 308.0752 0044028   2.3255 104.1047  1.00275327 18107
EUTELSAT 5 WEST B       
1 44624U 19067A   24186.21452803 -.00000042  00000+0  00000+0 0  9995
2 44624   0.0722 328.6331 0002694 134.3769 251.9202  1.00272790 17299
MEV-1                   
1 44625U 19067B   24186.21452803 -.00000202  00000+0  00000+0 0  9991
2 44625   0.0156 334.5959 0000585 106.5180 251.3189  1.00270799 15823
TJS-4                   
1 44637U 19070A   24186.21452803 -.00000171  00000+0  00000+0 0  9992
2 44637   0.0393 112.4147 0002698 290.7603 40.33666  1.00272193 17388
BEIDOU-3 IGSO-3         
1 44709U 19073A   24186.21452803 -.00000189  00000+0  00000+0 0  9994
2 44709  56.0384 288.6583 0039278 182.0502 3.455258  1.00247548 17183
TIBA-1                  
1 44800U 19080A   24186.21452803  .00000155  00000+0  00000+0 0  9995
2 44800   0.0520  14.7962 0001887 107.7183 272.8907  1.00271724 16938
INMARSAT GX5            
1 44801U 19080B   24186.21452803  .00000075  00000+0  00000+0 0  9998
2 44801   0.0349  12.7857 0001856  99.4327 258.7301  1.00274664 16956
JCSAT-18 (KACIFIC 1)    
1 44868U 19091A   24186.21452803 -.00000202  00000+0  00000+0 0  9996
2 44868   0.0100 248.5615 0000691 358.2402 263.0969  1.00269696 16940
ELEKTRO-L 3             
1 44903U 19095A   24186.21452803 -.00000097  00000+0  00000+0 0  9994
2 44903   0.0685 158.7770 0000345  18.2153 258.9824  1.00271035 16541
SHIJIAN-20 (SJ-20)      
1 44910U 19097A   24186.21452803 -.00000072  00000+0  00000+0 0  9993
2 44910   3.0849  83.7767 0006122  74.9621 274.2321  1.00272631 16548
TJS-5                   
1 44978U 20002A   24186.21452803 -.00000343  00000+0  00000+0 0  9992
2 44978   0.1832 267.6713 0001306 327.3340 232.4779  1.00272256 16547
GSAT-30                 
1 45026U 20005A   24186.21452803 -.00000165  00000+0  00000+0 0  9994
2 45026   0.0272  43.5233 0003415  48.7401 350.6852  1.00270112 16383
EUTELSAT KONNECT        
1 45027U 20005B   24186.21452803  .00000048  00000+0  00000+0 0  9993
2 45027   0.0620  89.6252 0000675 173.5263 103.9586  1.00270407 17171
JCSAT-17                
1 45245U 20013A   24186.21452803 -.00000314  00000+0  00000+0 0  9991
2 45245   5.5805 350.0859 0003296 127.7775 18.06815  1.00270676 16087
GEO-KOMPSAT-2B          
1 45246U 20013B   24186.21452803 -.00000342  00000+0  00000+0 0  9997
2 45246   0.0507 201.8096 0000250  61.8714 224.4971  1.00271517 16110
BEIDOU-3 G2             
1 45344U 20017A   24186.21452803 -.00000144  00000+0  00000+0 0  9999
2 45344   2.3356  30.3009 0001640 134.3878 275.2897  1.00272160 16103
AEHF-6 (USA 298)        
1 45465U 20022B   24186.21452803 -.00000294  00000+0  00000+0 0  9991
2 45465   4.1832 298.5011 0041603   7.2002 191.8500  1.00265802 15866
BEIDOU-3 G3             
1 45807U 20040A   24186.21452803 -.00000355  00000+0  00000+0 0  9998
2 45807   0.8054  44.4784 0004457  14.7395 51.29092  1.00269681 14932
APSTAR-6D               
1 45863U 20045A   24186.21452803 -.00000318  00000+0  00000+0 0  9991
2 45863   0.0247  45.1986 0002706 173.6085 275.0994  1.00265424 14704
KOREASAT 116            
1 45920U 20048A   24186.21452803 -.00000363  00000+0  00000+0 0  9991
2 45920   0.0058  40.8428 0000706  63.3476 11.94661  1.00271550 14482
EXPRESS 103             
1 45985U 20053A   24186.21452803 -.00000278  00000+0  00000+0 0  9999
2 45985   0.0243  16.7925 0000139 330.1795 109.4263  1.00269446 14477
EXPRESS 80              
1 45986U 20053B   24186.21452803 -.00000134  00000+0  00000+0 0  9998
2 45986   0.0219 339.2038 0001302  47.6699 53.03211  1.00271313 14482
BSAT-4B                 
1 46112U 20056A   24186.21452803 -.00000351  00000+0  00000+0 0  9993
2 46112   0.0782 113.6470 0004023  12.1887 343.9293  1.00271174 14230
MEV-2                   
1 46113U 20056B   24186.21452803 -.00000011  00000+0  00000+0 0  9996
2 46113   0.0137 313.6314 0000502 159.3944 245.9013  1.00270083 73393
GALAXY 30 (G-30)        
1 46114U 20056C   24186.21452803  .00000036  00000+0  00000+0 0  9998
2 46114   0.0143 350.3561 0001664 111.7716 132.8064  1.00271225 14259
GAOFEN-13 01            
1 46610U 20071A   24186.21452803 -.00000364  00000+0  00000+0 0  9995
2 46610   0.6622  87.5940 0014467 277.4800 112.5038  1.00273800 13750
TIANTONG-1 2            
1 46916U 20082A   24186.21452803 -.00000353  00000+0  00000+0 0  9992
2 46916   2.3085 293.6585 0001108 253.4902 297.6836  1.00275207 13506
LUCAS (JDRS-1)          
1 47202U 20089A   24186.21452803 -.00000235  00000+0  00000+0 0  9990
2 47202   0.0241  29.2276 0002400  62.0952 359.3843  1.00267297 13245
SXM-7                   
1 47240U 20096A   24186.21452803 -.00000203  00000+0  00000+0 0  9993
2 47240   0.0269 104.3613 0004737  26.5775 143.8000  1.00272204   288
CMS-01                  
1 47256U 20099A   24186.21452803 -.00000162  00000+0  00000+0 0  9990
2 47256   0.0268  81.5926 0004697 191.3076 170.0116  1.00271218 13023
TURKSAT 5A              
1 47306U 21001A   24186.21452803  .00000153  00000+0  00000+0 0  9992
2 47306   0.0339  84.8214 0000322 145.7525 160.2930  1.00273002 12839
TIANTONG-1 3            
1 47321U 21003A   24186.21452803 -.00000152  00000+0  00000+0 0  9991
2 47321   2.8403 312.6392 0002890 175.4449 313.3938  1.00271219 12828
TJS-6                   
1 47613U 21010A   24186.21452803  .00000041  00000+0  00000+0 0  9994
2 47613   0.4231  87.3933 0002013  83.4497 7.545006  1.00269632 12655
SBIRS GEO-5 (USA 315)   
1 48618U 21042A   24186.21452803  .00000122  00000+0  00000+0 0  9999
2 48618   6.1203 325.7026 0001420 143.4286 271.7061  1.00272222 11572
FENGYUN 4B              
1 48808U 21047A   24186.21452803 -.00000330  00000+0  00000+0 0  9994
2 48808   0.0451  40.0249 0005284  82.5465 341.9771  1.00265161 11415
SXM-8                   
1 48838U 21049A   24186.21452803 -.00000203  00000+0  00000+0 0  9991
2 48838   0.0120  17.2243 0005202  16.8078 240.7186  1.00271884 11431
TIANLIAN 1-05           
1 49011U 21063A   24186.21452803  .00000108  00000+0  00000+0 0  9991
2 49011   0.2626 285.5167 0002377 201.1905 250.0137  1.00272634 10928
STAR ONE D2             
1 49055U 21069A   24186.21452803 -.00000262  00000+0  00000+0 0  9996
2 49055   0.0170  22.5577 0002307 104.3806 162.8925  1.00269481 10763
EUTELSAT QUANTUM        
1 49056U 21069B   24186.21452803  .00000125  00000+0  00000+0 0  9996
2 49056   0.0359 298.9430 0001866 164.2344 304.4684  1.00272987 10770
ZHONGXING-2E            
1 49062U 21071A   24186.21452803 -.00000292  00000+0  00000+0 0  9994
2 49062   0.0045 249.0765 0001339 263.9974 304.8778  1.00274780 10888
TJS-7                   
1 49115U 21077A   24186.21452803 -.00000125  00000+0  00000+0 0  9999
2 49115   0.3541  86.3382 0001162  46.6710 127.4632  1.00272493  2422
CHINASAT 9B             
1 49125U 21080A   24186.21452803 -.00000313  00000+0  00000+0 0  9999
2 49125   0.0171  49.0129 0002022  89.4715 322.8285  1.00268558 10498
SHIJIAN-21 (SJ-21)      
1 49330U 21094A   24186.21452803 -.00000283  00000+0  00000+0 0  9990
2 49330   9.8419  45.1429 0079732  33.7964 62.43774  1.00308526 10112
SES-17                  
1 49332U 21095A   24186.21452803 -.00000272  00000+0  00000+0 0  9997
2 49332   0.0103  38.0862 0000781  71.2620 183.4713  1.00269040 10682
SYRACUSE 4A             
1 49333U 21095B   24186.21452803  .00000135  00000+0  00000+0 0  9992
2 49333   0.0286  38.0053 0001507  57.6632 309.7718  1.00270436 10795
QZS-1R                  
1 49336U 21096A   24186.21452803 -.00000322  00000+0  00000+0 0  9992
2 49336  35.9774  90.2765 0757149 271.8350 130.9251  1.00253100  9850
ZHONGXING-1D            
1 49505U 21114A   24186.21452803 -.00000337  00000+0  00000+0 0  9990
2 49505   0.0628 238.8735 0001133   1.3825 249.8066  1.00274902  9679
STPSAT-6                
1 49817U 21118A   24186.21452803 -.00000044  00000+0  00000+0 0  9999
2 49817   0.0188  40.6210 0000085  30.5704 177.0657  1.00271361  9403
LDPE-1                  
1 49818U 21118B   24186.21452803  .00000119  00000+0  00000+0 0  9996
2 49818   2.3197  87.9054 0005258  54.8873 65.11789  0.99880604  9476
EXPRESS AMU-7           
1 50001U 21123A   24186.21452803 -.00000242  00000+0  00000+0 0  9998
2 50001   0.0211 336.2193 0000259  89.8196 78.80500  1.00268902  9384
EXPRESS AMU-3           
1 50002U 21123B   24186.21452803 -.00000320  00000+0  00000+0 0  9995
2 50002   0.0212  25.9681 0000546  10.8410 66.01058  1.00271167  9365
TIANLIAN 2-02           
1 50005U 21124A   24186.21452803 -.00000014  00000+0  00000+0 0  9990
2 50005   0.6290 273.6196 0000680 175.7718 81.50777  1.00271045  9465
TURKSAT 5B              
1 50212U 21126A   24186.21452803  .00000146  00000+0  00000+0 0  9999
2 50212   0.0644 349.6460 0002889   7.6751 44.61229  1.00271576  9142
INMARSAT 6-F1           
1 50319U 21128A   24186.21452803 -.00000172  00000+0  00000+0 0  9991
2 50319   0.0121 334.8011 0000226 300.2293 168.6472  1.00269915  9105
SHIYAN 12 01 (SY-12 01) 
1 50321U 21129A   24186.21452803 -.00000288  00000+0  00000+0 0  9994
2 50321   1.8277  90.6537 0001816  78.9633 325.7008  1.00445714  9344
SHIYAN 12 02 (SY-12 02) 
1 50322U 21129B   24186.21452803 -.00000361  00000+0  00000+0 0  9996
2 50322   1.8266  90.6632 0001326 159.9473 230.4290  1.00087862  9342
TJS-9                   
1 50574U 21135A   24186.21452803 -.00000299  00000+0  00000+0 0  9994
2 50574   0.0814 259.4755 0004662 249.7168 347.9667  1.00272762  9317
USA 324                 
1 51280U 22006A   24186.21452803 -.00000163  00000+0  00000+0 0  9997
2 51280   1.7801  88.2865 0005776  81.5854 347.6521  1.00106360  8976
USA 325                 
1 51281U 22006B   24186.21452803 -.00000266  00000+0  00000+0 0  9992
2 51281   0.3712  86.1350 0000822 131.7436 234.6243  1.00374926  8963
GOES 18                 
1 51850U 22021A   24186.21452803  .00000098  00000+0  00000+0 0  9997
2 51850   0.0405 168.1936 0000253 342.1559 72.55337  1.00270687    33
ZHONGXING-6D            
1 52255U 22038A   24186.21452803 -.00000354  00000+0  00000+0 0  9992
2 52255   0.0142 317.0345 0000445 262.5756 265.2866  1.00270555  8299
NILESAT 301             
1 52817U 22061A   24186.21452803 -.00000058  00000+0  00000+0 0  9996
2 52817   0.0452   4.1830 0003920  64.0633 284.6658  1.00271466  7584
CMS-02 (GSAT 24)        
1 52903U 22067A   24186.21452803 -.00000166  00000+0  00000+0 0  9997
2 52903   0.0605 260.6809 0008181 193.4727 348.8039  1.00273728  7458
MEASAT 3D               
1 52904U 22067B   24186.21452803 -.00000242  00000+0  00000+0 0  9994
2 52904   0.0361 324.0868 0000905  49.9319 77.40962  1.00272193  7494
SES-22                  
1 52933U 22071A   24186.21452803  .00000103  00000+0  00000+0 0  9992
2 52933   0.0428 278.9752 0000427 314.8404 347.1473  1.00274364  7415
WFOV (USA 332)          
1 52940U 22073A   24186.21452803 -.00000365  00000+0  00000+0 0  9990
2 52940   1.8693  87.9921 0001460 310.8229 80.42507  1.00272433  7219
TIANLIAN 2-03           
1 53100U 22078A   24186.21452803  .00000074  00000+0  00000+0 0  9990
2 53100   1.1867 278.5786 0002350 174.5398 277.3503  1.00271690  7393
SBIRS GEO-6 (USA 336)   
1 53355U 22092A   24186.21452803 -.00000287  00000+0  00000+0 0  9996
2 53355   4.5390 311.2038 0002348 135.9957 51.73062  1.00271181  7083
EUTELSAT KONNECT VHTS   
1 53765U 22110A   24186.21452803  .00000016  00000+0  00000+0 0  9995
2 53765   0.0525  93.2140 0002440   7.5928 261.7947  1.00270621  6638
ZHONGXING-1E            
1 53813U 22112A   24186.21452803 -.00000150  00000+0  00000+0 0  9999
2 53813   0.0266 117.9084 0000850 335.9106 347.5493  1.00271550  6695
SES-20                  
1 53960U 22123A   24186.21452803 -.00000100  00000+0  00000+0 0  9990
2 53960   0.0225  49.6639 0001966  51.2351 155.9306  1.00272634  6389
SES-21                  
1 53961U 22123B   24186.21452803  .00000069  00000+0  00000+0 0  9997
2 53961   0.0356  22.6822 0000982  77.7018 128.6257  1.00267894    63
GALAXY 33 (G-33)        
1 54026U 22128A   24186.21452803  .00000079  00000+0  00000+0 0  9995
2 54026   0.0176  29.9230 0001646  70.8135 126.1769  1.00270041  6595
GALAXY 34 (G-34)        
1 54027U 22128B   24186.21452803  .00000058  00000+0  00000+0 0  9994
2 54027   0.0223  25.5419 0001624  74.2502 131.2155  1.00268799  6629
ANGOSAT 2               
1 54033U 22131A   24186.21452803  .00000136  00000+0  00000+0 0  9990
2 54033   0.0322 123.3237 0000992 320.3759 299.2296  1.00272828  6315
EUTELSAT HOTBIRD 13F    
1 54048U 22134A   24186.21452803  .00000087  00000+0  00000+0 0  9999
2 54048   0.0655 290.4595 0001945  63.3234 19.13981  1.00272437  6290
LDPE-2                  
1 54219U 22144A   24186.21452803 -.00000159  00000+0  00000+0 0  9993
2 54219   3.8605  65.1416 0000433 163.6192 27.94871  1.00631237  4641
EUTELSAT HOTBIRD 13G    
1 54225U 22146A   24186.21452803  .00000088  00000+0  00000+0 0  9997
2 54225   0.0591 237.5598 0002091 308.5988 186.7619  1.00270996   310
ZHONGXING-19            
1 54230U 22148A   24186.21452803 -.00000079  00000+0  00000+0 0  9999
2 54230   0.0575 264.1725 0005184 327.5729 291.5159  1.00268862  6201
GALAXY 31 (G-31)        
1 54243U 22153A   24186.21452803  .00000013  00000+0  00000+0 0  9997
2 54243   0.0147  75.7934 0001048  31.3738 131.7692  1.00272657    20
GALAXY 32 (G-32)        
1 54244U 22153B   24186.21452803 -.00000172  00000+0  00000+0 0  9990
2 54244   0.0086 348.9440 0001699  57.1082 222.8616  1.00270889  5988
EUTELSAT 10B            
1 54259U 22157A   24186.21452803  .00000068  00000+0  00000+0 0  9999
2 54259   0.0574  92.4829 0000617 273.9343 3.491194  1.00272901  5897
GALAXY 35 (G-35)        
1 54741U 22170A   24186.21452803 -.00000162  00000+0  00000+0 0  9990
2 54741   0.0133  68.6829 0001694  49.3996 148.7387  1.00271061  5747
GALAXY 36 (G-36)        
1 54742U 22170B   24186.21452803 -.00000186  00000+0  00000+0 0  9999
2 54742   0.0211  26.5386 0002754  77.8066 166.5869  1.00270522  5763
METEOSAT-12 (MTG-I1)    
1 54743U 22170C   24186.21452803 -.00000008  00000+0  00000+0 0  9990
2 54743   0.5176  40.3939 0001918  64.5316 254.6330  1.00267784  5824
SHIJIAN-23 (SJ-23)      
1 55131U 23002A   24186.21452803  .00000134  00000+0  00000+0 0  9993
2 55131   1.8762  87.5747 0001225  10.3098 290.3608  1.00086061  5353
USA 340                 
1 55138U 22144E   24186.21452803 -.00000260  00000+0  00000+0 0  9991
2 55138   3.8161  65.9592 0001869  59.2036 172.0322  0.99556274  4573
APSTAR-6E               
1 55239U 23005A   24186.21452803 -.00000309  00000+0  00000+0 0  9999
2 55239   0.0463  96.4606 0002589 349.4518 49.51926  1.00282361 21184
USA 342                 
1 55263U 23008A   24186.21452803  .00000144  00000+0  00000+0 0  9991
2 55263   0.0067 325.1735 0001334 314.0915 104.7931  1.00272094   178
LDPE-3A                 
1 55264U 23008B   24186.21452803 -.00000240  00000+0  00000+0 0  9996
2 55264   0.8072  88.2628 0000431 154.6473 222.1312  1.01378287  4583
ELEKTRO-L 4             
1 55506U 23016A   24186.21452803 -.00000059  00000+0  00000+0 0  9996
2 55506   0.0456 208.8800 0000763   9.4776 307.3638  1.00270517  5160
AMAZONAS NEXUS          
1 55508U 23017A   24186.21452803 -.00000279  00000+0  00000+0 0  9994
2 55508   0.0472 123.6966 0005483 358.9940 176.1909  1.00270271    15
ZHONGXING-26            
1 55686U 23023A   24186.21452803 -.00000354  00000+0  00000+0 0  9993
2 55686   0.0703  79.4280 0002878  12.0303 33.61938  1.00271518  5075
LUCH-5X (OLYMP-K 2)     
1 55841U 23031A   24186.21452803 -.00000008  00000+0  00000+0 0  9992
2 55841   0.0506 213.3091 0002418 323.4982 182.5747  1.00267566  4797
GAOFEN-13 02            
1 55912U 23036A   24186.21452803 -.00000230  00000+0  00000+0 0  9991
2 55912   1.9846 306.1383 0003516 306.9035 253.5381  1.00267805  4940
SES-18                  
1 55970U 23038A   24186.21452803 -.00000099  00000+0  00000+0 0  9996
2 55970   0.0470 266.6487 0000713 290.1851 59.97301  1.00270508  4943
SES-19                  
1 55971U 23038B   24186.21452803  .00000087  00000+0  00000+0 0  9997
2 55971   0.0122  45.5418 0001411  68.0681 111.4161  1.00273464  4932
INTELSAT 40E (IS-40E)   
1 56174U 23052A   24186.21452803 -.00000175  00000+0  00000+0 0  9996
2 56174   0.0219  67.8701 0001727  71.1129 129.9368  1.00271311  4688
VIASAT-3                
1 56370U 23060A   24186.21452803 -.00000186  00000+0  00000+0 0  9990
2 56370   0.0201 354.7211 0000393  66.2751 209.9926  1.00270526  4288
ARCTURUS                
1 56371U 23060B   24186.21452803 -.00000118  00000+0  00000+0 0  9993
2 56371   0.9282  88.5728 0001003  93.4065 255.9381  1.00271644  4306
GS-1                    
1 56372U 23060C   24186.21452803 -.00000219  00000+0  00000+0 0  9991
2 56372   0.8788  87.6900 0003238 284.8454 76.39313  1.00263667   372
BEIDOU-3 G4             
1 56564U 23066A   24186.21452803 -.00000110  00000+0  00000+0 0  9996
2 56564   2.0811 288.2079 0005773 207.5439 24.08860  1.00269700  4240
ARABSAT-7B (BADR-8)     
1 56757U 23075A   24186.21452803  .00000144  00000+0  00000+0 0  9992
2 56757   0.0699  25.2659 0003661   3.7350 356.9146  1.00269918  3974
IRNSS-1J (NVS-01)       
1 56759U 23076A   24186.21452803 -.00000331  00000+0  00000+0 0  9992
2 56759   3.9551 265.7979 0004610  11.0419 212.5200  1.00278972  4052
NUSANTARA TIGA (SATRIA) 
1 57045U 23086A   24186.21452803 -.00000236  00000+0  00000+0 0  9990
2 57045   0.0237   0.3710 0003050 345.8844 159.6730  1.00271425  3908
H2SAT (HEINRICH HERTZ)  
1 57213U 23093A   24186.21452803  .00000000  00000+0  00000+0 0  9996
2 57213   0.0279  87.9008 0001084 143.7613 128.7595  1.00271218  3727
SYRACUSE 4B             
1 57214U 23093B   24186.21452803 -.00000055  00000+0  00000+0 0  9995
2 57214   0.0260  48.1186 0000598 182.5485 122.7048  1.00269840   794
JUPITER 3 (ECHOSTAR 24) 
1 57479U 23108A   24186.21452803 -.00000149  00000+0  00000+0 0  9996
2 57479   0.0220  27.2599 0001494  68.6232 168.8214  1.00269775  3498
GALAXY 37 (G-37)        
1 57493U 23112A   24186.21452803  .00000047  00000+0  00000+0 0  9995
2 57493   0.0097  17.3659 0001747  87.8484 127.7326  1.00273849  3361
LUDI TANCE-4 01A        
1 57624U 23120A   24186.21452803 -.00000165  00000+0  00000+0 0  9998
2 57624  15.7281 211.3422 0002246 234.0933 4.095614  1.00270211  3391
TJS-10                  
1 58204U 23169A   24186.21452803 -.00000001  00000+0  00000+0 0  9996
2 58204   0.6930  88.5959 0000723 338.7521 105.4405  1.00269488  2381
ZHONGXING-6E            
1 58253U 23172A   24186.21452803 -.00000362  00000+0  00000+0 0  9997
2 58253   0.0153 331.8667 0002352 128.8635 14.72483  1.00272268  2506
YAOGAN-41               
1 58582U 23197A   24186.21452803 -.00000356  00000+0  00000+0 0  9999
2 58582   4.5640 307.7429 0018774 180.0315 355.3669  1.00270370  2160
OVZON-3                 
1 58698U 24003A   24186.21452803  .00000051  00000+0  00000+0 0  9997
2 58698   0.0169  20.0711 0002260 193.7875 205.7688  1.00271834  2071
INSAT-3DS               
1 58990U 24033A   24186.21452803 -.00000142  00000+0  00000+0 0  9999
2 58990   0.0159 349.8168 0010402 105.1251 347.6843  1.00268037   992
MERAH PUTIH 2           
1 58995U 24035A   24186.21452803 -.00000359  00000+0  00000+0 0  9990
2 58995   0.0042  90.6133 0000845  19.3490 2.913298  1.00270483  1439
TJS-11                  
1 59020U 24037A   24186.21452803 -.00000364  00000+0  00000+0 0  9998
2 59020   5.2993 321.4068 0005285 192.6391 326.1194  1.00270350  1435
HULIANWAN GAOGUI-01 (H*)
1 59069U 24040A   24186.21452803  .00000155  00000+0  00000+0 0  9995
2 59069   0.0420 105.8447 0002638 270.7881 16.95543  1.00271867  1425
PAKSAT-MM1              
1 59915U 24104A   24186.21452803  .00000153  00000+0  00000+0 0  9999
2 59915   0.0436 159.2713 0000153 319.5714 279.3012  1.00268870   448
